Table Esso Table has the following pages:


Page page0 has the following tuples:

12345	624308		275555.3461220055	

12345	924410	RO7BJEJT1	727999.7958546364	

12345	530199	BF5QXX09	422470.3401813685	

12345	880942	XU2FH	324450.58964628016	

12345	387000	6BFRBIZ	945785.999084819	

12345	174073	BGR98	530411.7072062627	

12345	231210	P0TK	570150.0257821146	

12345	768453	PV25VETRE7U7	698740.048280699	

12345	905993	9JFAO5MAF	855505.5723498315	

12345	172450	H	819388.4378449117	

12345	873592	5NP	705866.1073226337	

12345	402325	64M	89214.23669515693	

12345	883098	ISSXRFOZ	886142.1736888058	

12345	842812	8H7	502046.9947380466	

12345	380743		342261.6504469984	

12345	545243	Q6JKVTMO8RT3	302672.424110093	

12345	510425	8	42263.75593925968	

12345	85081	7V5QUL	869682.2823425173	

12345	234311	MYF	437592.16092757124	

12345	872759	UZS	518302.97239765944	

12345	242610	I6TNX0HXF	677593.3185030477	

12345	60161	L3IBQ9W7VGFCFC	913393.1438080112	

12345	734699	9QILJ8M3	176442.34222472398	

12346	839978		226736.67049359446	

12346	124724	7BIE9NBGT	29737.03803662442	

12346	144671	8GUDF	15045.178450883046	

12346	817919	N	616697.5154007989	

12346	195309		222397.40738514645	

12346	463732	JK	928142.4872815235	

12346	830680	C6	658591.7143912701	

12346	843505	0XPYF9KYHWKK	442900.5835437352	

12346	891267	4	234960.38208506943	

12346	873483	O53U2AZMFQKAEU	32522.04256881397	

12346	477960	7D2KO6M8P5UGH9	422151.74879972206	

12346	905169	Q8TUZI1	322308.65908029804	

12346	118651	9GVJ2	937785.0582698623	

12346	536582	A3EIKM9C1EAHI5	627379.16169367	

12346	846401	RD	618729.8208446061	

12346	494317	CQNIAGTSIRU	6989.44095338716	

12346	723155	2VAR93J2KP0CEO	708774.2852265646	

12346	871614	VFT1R2X48X1	750925.9737865422	

12347	601186	7EUB	361740.8567782857	

12347	147121	BLVZ	813742.5100355668	

12347	469348	WAK1DRRNZLRY37	423238.95390362997	

12347	866312	8UWRN	466222.3091651919	

12347	223294	ZVB49V35Z36821	130566.89539412502	

12347	269601	IVOS5MGQ4	456444.0667807179	

12347	541402	77V8M6UE	80346.47698770402	

12347	324903	P51JT52AIXUE	344156.59046656097	

12347	855528	IFKNO4QPYIS	249766.88082800913	

12347	920937	7HO0P8GGEY	968339.8634724384	

12347	553517	1QQQUUJ2N	341302.29350941785	

12347	188192	6JF1WDQS9	168715.99923453384	

12347	479380	NTT59NL3	937240.9725460494	

12347	57477	6G	392008.0274467908	

12347	770992	VGWILWIN5MNBJW	244597.83514468258	

12347	445434	EYS1IBSWTLOLVA	934610.5568430321	

12347	847408	8HDS9ZVT	145074.34748049465	

12348	515276	6C99EQ0KGE	979468.5240915741	

12348	253658	VH3074WZN	836588.6692441254	

12348	226093	C5Q1K	827930.3074207283	

12348	421598	CS3	772412.031269463	

12348	871709	3CF0W4P7	747346.1654575798	

12348	864227	P5TB	452303.82404531556	

12348	548540	YKE5DYFXFL0ROF	767055.5028437806	

12348	115441	R2	875715.5525733042	

12348	146077	0YDDX4SDEFZUI	313467.2244866079	

12348	447160	U0NAUX	854228.1235333437	

12348	228653	ZG	387307.0032262693	

12348	637120	IPO	26235.279727541027	

12348	790170	7LY3JOL5Z	608193.3381818333	

12348	648725	CYZEJ	706307.0968675781	

12348	907782	O2X94SHOGKOTXF	83282.14617904539	

12348	772270	KM18IPPG	586968.2091501133	

12348	292654	8HGFNIR8EB5JW3	431059.99908360705	

12348	383500	QNRJJXNXD	86569.34634450109	

12349	367392	YCK	685599.8492537079	

12349	467060	SE99GVDJ0O74	498625.9221637295	

12349	482606	6HU	809498.8602794143	

12349	774505	WL5ZP07JH	870989.8413297996	

12349	294400	3RVENGEGQ9ACQ3	453805.15069489955	

12349	76632	195	82428.46475968968	

12349	566726	EBIOPTZC0T	513970.24968358787	

12349	201047	QWU82MBKWKET6O	636094.4916482093	

12349	457033	8	893388.5901066851	

12349	284095	BF0QCDLHWL	962251.9863420305	

12349	456217	V	777485.0770767891	

12349	337183		546643.1240301996	

12349	502365		925993.6279697024	

12349	65836	NNKTAORP	522933.26068953914	

12349	498206	9RQ2AIB	91559.29021153097	

12349	323625	DK	269333.340443827	

12350	631215	18J76SMKS	561716.8033523593	

12350	651684	94RPF	855893.176706345	

12350	207273	NIRS	113365.9147328241	

12350	200021	78CL1LOC6Y245	211217.34781016177	

12350	638158		116193.20328654426	

12350	358747	FUMZRL	889375.9103514659	

12350	679341	5UTL	236171.5451139641	

12350	63205	QSVR8V0B	998605.1594315285	

12350	846440	PR9QCHY3	306231.17314278736	

12350	476107		932292.5848142329	

12350	526769	P	772296.1947085705	

12350	69888	1YJO	482722.0366174545	

12350	880262	RQS	972717.2907643962	

12350	703888	XSFYYDR286	307397.2884603099	

12350	568993	J2Q0S2POQ27	864289.3856211198	

12350	263711		984785.0074119004	

12350	859145	3	982443.3521045211	

12351	817471	G00Q	989089.9528988887	

12351	451140	1V	864738.8643436342	

12351	62148	XVH64SM3N	700364.3520060311	

12351	799408	E8CVWH2C12S	754258.2039063609	

12351	21536	KTIPHX	609640.7735689073	

12351	700934	VOGGK64	831760.7754409228	

12351	2082	R0128D6	143059.69497303962	

12351	115180	YG6WLX	768414.9254189187	

12351	60938	LKE1	922424.3334365503	

12351	248433	YPIT7	282430.004805211	

12351	874118	6DUL2U12UOX	475064.73919048277	

12351	893152	LTFM9PB3	626636.8547742345	

12351	847113	FNJ9M2SQLNL	275973.34333038545	

12351	220997	YB3KVJ	315304.8005026534	

12351	739241	TK3FESF9WXN867	64810.803542264985	

12352	106113	EC	425969.7799685827	

12352	11998	G64W4	829498.3814812382	

12352	293138	P08	691697.4594328277	

12352	605949	DXDCGJK13	683877.4830011865	

12352	520437	O	748967.1716210865	

12352	793625	4CT5QZJ	435112.80872241454	

12352	760697	MDX	757837.7657637371	

12352	511004	N2HVD3BB7B	391691.15609687276	

12352	554847	ZT2VJCA	427105.7747942697	

12352	603289		804648.9043886086	

12352	169038	DO1L8	274467.33935676626	

12352	863816	N3Q	508073.4438090228	

12352	567407	DT	259760.0289192493	

12352	541373	WMUA	649059.4739358076	

12352	743365	1N3U	94928.61784904705	

12352	827723	MFXIUZD1Z1U7	637522.5304634845	

12352	103536	IFKSE854E7	20333.239321073783	

12352	776066	WLDJE	407087.93426653236	

12353	708849	ND4EWY	625216.3505316548	

12353	126124		27662.634138252208	

12353	162685	MXW0AVBWWKMXXM	344672.976540895	

12353	699319	TPBUYU	248923.73473236305	

12353	453707	TL8ANV8NRKLXY4	407983.22069198923	

12353	688623	9KRUYWJW	522626.5156130382	

12353	704627		776948.2926922698	

12353	727652	UD8GMZZSE3	700044.6674177068	

12353	423429	NKKNUCH11W7WL8	178943.30945589187	

12353	284630	C67	563427.8495306672	

12353	390918	BD1	44018.99455177516	

12353	438431	8A4WF66WTR	279806.1083430393	

12353	923972	D	528536.3749617602	

12353	680651	EYM4HRFHI	4757.047490450028	

12353	817491	IQ	577280.1367639657	

12353	424525	TPJU45MV01J04	105966.54469948896	

12353	790408	PIFPSESG	906118.5524044703	

12353	16608	TCWMMP6SM1T	905127.5352100702	

12353	652805	BWTWPL1BWI	35824.866849891725	

12353	655312	K	58310.25545866619	

12354	535085	LTZLMUVDRIGNT9	960240.8484784228	

12354	5586	K	586044.0343251172	

12354	706856	4Y3	824131.6433117371	

12354	78125	DA9OMZ	966191.8323584788	

12354	819746	3BFUQG3D	922914.7763184464	

12354	792144	H5QIL8	386179.9015236933	

12354	120675	PFL7W0TWGLP7	993118.8201591193	

12354	862253	I7IQK	331059.17682205857	

12354	777906	I	400679.5092890529	

12354	645949	YR1MN4M6AD3MKC	48296.07207618813	

12354	642033	AREGZEVO	54783.642429820145	

12354	561822		1192.6837668707612	

12354	655002	FDP3GUSOOH	272764.19752840174	

12354	387616	4QPM5	479451.92351080535	

12354	782450	19GJXJ8FA7Z	78637.38160232836	

12354	609194	W9	255070.66969416937	

12354	364857	794	858074.7704312947	

12354	683763		214199.74092036142	

12355	606953	33C5K	143279.40884167678	

12355	154482	Q4JGQ4VJVIFZV	816768.3502763738	

12355	651233	1N	399222.4260505101	

12355	275743	3P62AZ	826954.0687463081	

12355	255528	2CQWL1D	439623.9111408851	

12355	599997	2Y18	808466.2241599872	

12355	213020	YAGE	357382.7607296049	

12355	895967	BNX	397479.63631164184	

12355	478123	836ZZ	816286.4024342836	

12355	139989		663939.164124244	

12355	266590	102KUC50D	918825.4016263083	

12355	570234	XB45TX2G8H1P	479477.83510285633	

12355	780840	BW63VP3X95JJ1	871608.9420068061	

12355	388985	427RHV9R9KGL	592702.8021166011	

12355	31953	E8TT7WFI	437014.93734925624	

12355	119866	N3WVQWTWHNC	881605.8145783811	

12355	439916	YNE5FGETQ	22463.130410767862	

12355	31201	I6UU	818387.4326770221	

12356	157901	XLMOHIT69	618398.6207542737	

12356	45266	U9G0JC3WN2EYO	248570.59096679324	



Page page1 has the following tuples:

12356	576518	52XI59Z2ZQMD2	277305.1178154022	

12356	23566	5U2PFZ8C97S	964159.7588115461	

12356	905495	47ZUJ0GR5026M	761447.6627684714	

12356	410677	X3DW7	236104.08761019664	

12356	588614	J6TA8XN42	852881.7545284269	

12356	282482	ZC64IYNG	243609.65379801736	

12356	466435	QAPCJP3DEK	421578.27808075765	

12356	857172	M	348750.4182691804	

12356	832890	KS0I	613254.91287727	

12356	579738	3H1UDGTOTZSQ	966771.4783701207	

12356	110055	VHN	266246.13533362816	

12356	190070	ZX61	344806.4719598025	

12356	445408	ZFMOJI	405276.77502304484	

12356	528762	IWBB8L	711205.8739662567	

12356	40452	600HQPD	76740.62878680755	

12357	524801	QXD9LO3	955867.500409134	

12357	449516	LXJ8357H6	259345.9233996468	

12357	223141	C	517890.2808292173	

12357	649008	R0XK	267774.5151930292	

12357	497557	F9QBOI98IFBS	550307.6954796377	

12357	426618	A25CVOZQ	222049.14110012286	

12357	448459	IRP3V	560243.7124947996	

12357	533461	EA0	365567.6410876737	

12357	756603	7G9UI1	919207.618033879	

12357	782616	L8OL535I36	713748.8760661591	

12357	397734	ABFU	486015.6111185585	

12357	715936	SD82E3R7ZZ2U6	374790.3955776234	

12357	273914		938374.8766366878	

12357	838584	WZXNX	877373.1558140646	

12357	604223	0TAIMV	332456.72376933345	

12357	326525	HO	969325.3317030668	

12357	177634		264467.8650265303	

12357	430676	AU3URYOA8PEW2T	60784.27646572771	

12357	253622	9T	972454.7236222614	

12357	146015	D	323834.0482640614	

12357	469086	AJJE7C	518568.5967771442	

12357	211215	FRFD2OI28	472702.2618005512	

12358	689260	2	651244.1016877338	

12358	579671	Y4KGA	102201.36228999021	

12358	333707	YJG8VPVHXXL	236201.0837848947	

12358	718548	WQHC6ZVJFITUM	45153.01793281579	

12358	473576	HED4LBS906	54669.06658180659	

12358	218199	DMDE1IICMJQ	888836.7991668121	

12358	254122	RYPQM1MKZH	601924.9727315552	

12358	587446		580250.880951512	

12358	395587	PEFKC55YK0	216372.60620703545	

12358	116123		308816.21973458404	

12358	462002	V3ZOH	876614.247231469	

12358	526025	B1PPASYZLWC08Q	393890.8334207778	

12358	478673	R9JP	385098.28479660844	

12358	647810	6	43811.07675335472	

12358	538858	0WP	731648.9073610551	

12358	797926	19ZVJSZHF	926731.5491682678	

12358	309823	RCN3A	695337.4679217546	

12358	865249	O81UG05LV	857687.4119406074	

12358	514610	C0Z6ZPPRYT	693900.8862258372	

12358	622261	XT9PSCW1K9D1Y	566250.6563578475	

12358	445558	6442D16X	390131.41525868524	

12358	104651	FOAK4LY15HRJ	9120.306940141321	

12358	796893	A2JBEC7P4P	142936.81563989524	

12358	374437	PUW52YA	93705.95529862346	

12358	20978	APBPXKQY	598128.4380307292	

12359	205649	6BKG	349813.3638376891	

12359	357525	FO	198782.24152133428	

12359	354950	E1MFI	517825.72997780284	

12359	651256	VR6DVT4GDMCMCK	328179.4184783031	

12359	410888	ZGG89VTSTM	734179.5632189729	

12359	551174	6TUWSW	105097.0900549365	

12359	444471	0882	625465.4839156228	

12359	751792	2EWMYBD9	401773.6574957861	

12359	768025	YP6Z51C4	920342.6757058338	

12359	626686	SU7HQBZ	851146.3050333923	

12359	698941	UM9HV	329865.5776078886	

12359	475598	7LSQP8	158273.19885731328	

12359	196037	QUG9194ZI	103642.5145988179	

12359	193304	YDVXYF9HDOTER	440860.76327833004	

12359	26809	MRNVOT8UUW	151017.05459085447	

12359	778160	GKFQDY9	32725.239174344224	

12360	35294	OPSGNI	253662.03634974483	

12360	690836	RXV6MPC4R8S	428518.5744359522	

12360	3909	OE	383419.51979127777	

12360	78548	VZJD5KG	998174.3792934109	

12360	844525	DH	552225.0256528965	

12360	796366	GQ4FMID	702797.3951254205	

12360	914982	SJ99OTRAQM75G	968600.6519782377	

12360	381453		882995.9630224867	

12360	338850	GZRMAKJQ9W	749725.6755899937	

12360	151924	YI	687427.8880625725	

12360	99960	UHGI7R9U8I	711173.5916977819	

12360	594520	8H1PVCH	894611.3017067868	

12360	899755	LQTR5CG1N	364806.8430138995	

12360	564869	Q1V	724703.5298243623	

12360	274230	GFFRHM46570Y	918333.1647965176	

12361	379838	J616	507383.20344822895	

12361	87126		242072.31741204005	

12361	614043		847700.1517789474	

12361	518524	LNL428240YYQO	426554.9826381747	

12361	44497	SDRB6T4KH8	938014.2684560107	

12361	622983	1UP80PGN61VS	171536.95373275236	

12361	745825	24RY	278683.74438174703	

12361	817161	KEX	806763.3077431035	

12361	313170	0L	495093.28071632853	

12361	528531	KGYC1E	648028.355825615	

12361	683464		402581.4217671928	

12361	375304	C5	573763.8446330366	

12361	53426	HNKV56NQ04M9	508176.4975304911	

12361	821891		606805.9721569797	

12361	19826	8	145589.29723300962	

12361	201118	5	90645.87361022158	

12362	503925	4M0ODR69ES	206455.9117196897	

12362	732407	S	917094.0579763944	

12362	395455	2	912766.1555322496	

12362	595017	895WM	306897.65637365665	

12362	285924	GQJT2R6S6M	805080.3387120166	

12362	576105	546IZ	463704.6527092884	

12362	189128	WW47Q	905700.589798997	

12362	213534	BGFZ70ZI	479790.23611849116	

12362	392755	AQ0F5YM10I3M6I	59565.876596959664	

12362	191223	WFW3ISFVZAPJ	996288.242773812	

12362	488982	VW	724295.1572741958	

12362	164453	5H	604844.0574444606	

12362	572397	HT6PAE0Z	195378.11494225278	

12362	205235	Y8KHM5	32060.442372730202	

12362	595688	XI0JNDQCR9	198225.3218468334	

12362	297460	ZM4	393177.9211181066	

12362	711918	6HCJ3BDXWQ	575887.8762120359	

12363	190959	WOJQX3AVI	688182.4323491065	

12363	190495	N76G0EZJFXO1KY	418022.43110328255	

12363	332389	6B7WYP5C5DBCZ	338843.3092279611	

12363	133409	3	35392.16436381653	

12363	606069	482P114	631671.2139870129	

12363	326117	MK9	533247.5114101524	

12363	222475	B4T	620136.4372538553	

12363	497716	Q57OZFT	310329.8130464864	

12363	158522	IMSO4	527719.9079460369	

12363	528001	E4MXMEKB	529370.0828601618	

12363	648468	I18V3JME	656913.5243964705	

12363	195015	03	843280.1750620583	

12363	261208		963646.4445537889	

12363	82002	Q8B8X3O	427104.4942732469	

12363	1195	3YWO09F	526978.3818565431	

12363	825474	V3NNDZSA3	878928.1239078315	

12363	777461	IPOZLH201OOMF	631039.6913754073	

12363	771094	58IJKR4M3YEWE	866430.2206847471	

12363	513985	AA2GI89	361276.6085477255	

12363	9970	A	828973.8933239131	

12364	599521	LHP0EP5BBM	704239.2982086492	

12364	323583	ENU8IW	90496.68363756547	

12364	437553	UVNXU0FR9I	40871.956765002105	

12364	400375	6TM9WAIOW	848271.330151561	

12364	299778	CK5MLX3NOK8T	407551.5096535134	

12364	802578	T	565094.8819880739	

12364	545081	FYI4Y4B88G	483632.46760480275	

12364	97775	TYXIVBPTHBS0X9	795730.8013668281	

12364	113182		528443.471518242	

12364	827960	K8L	762924.2430289959	

12364	350409	AAPG39X2	382542.37465905584	

12364	926357	R6I5ZVBNGL2SD	562721.7199830196	

12364	890310	TEKW57SJNMR	944807.7641568705	

12364	701825	L3C2RGAJH77EC	85603.97201248394	

12364	684384	PS	822089.820718216	

12364	147546	9R96UP8CZM43	71304.41138081545	

12364	74513	FSFK2GI	15839.245197805107	

12364	325520	FTP0XWGDGKSZ	576802.0103689586	

12364	27809	KGAGBXH0B	844393.3617326356	

12364	674317	YLYN2GR4	994682.7510670078	

12364	118087	57B0U0L	200952.82552406547	

12364	198779	V18TMJ1	620934.6097935842	

12364	261944	6Y1KOM0PTJUSGX	572296.1013246789	

12365	682093	VDU74WFCM8	138217.5883120853	

12365	133457	F0TJS0UG	772950.9089628237	

12365	887365	GPXK1LXMMT	532964.2048699177	

12365	469096	CI8	115370.17952606853	

12365	716559	D3FJW	336462.6984399379	

12365	275046	MCIHOJSX	526473.2610119582	

12365	869331	PRFCV46DIT	185324.78025697518	

12365	250527	XDZ9VAPKZC	606532.4018199615	

12365	282809	QC0BD	941229.7732371858	

12365	719692	WNE72AJI	678969.6751001852	

12365	110357	IH2NW6B92JQ	989962.9816961332	

12365	595569		541852.3825694359	

12365	398276	4QL4	114578.53508781445	

12365	197588	O8RW0EE	485599.5110210224	

12365	569858	GBOV2UE6GK09YG	495039.52838181506	

12365	509389	KU821Z0XZGY	189654.55922138586	

12365	608915	E	629248.6490941355	

12365	390278	NQF	384746.2152980826	

12365	531318	IGF	817822.8312013712	

12366	553998		251157.7306696927	

12366	857894	QX	634233.7300795312	

12366	375870	6W	777638.1298686275	

12366	125289	HDU4PM675W	967432.5062118563	

12366	540191	W8M6N0WJ	307090.453073418	

12366	132654	QSHV13IJ8J7FHA	140660.64807071586	

12366	114903	PPP	631969.7041277804	

12366	656546	3XIZM	993963.1278920758	

12366	252067	P	942771.2120654506	

12366	477486	7ZBQYQ46Z	833305.2245452484	

12366	269174	VDB	738331.9329714698	

12366	403227	LW9Q6G65TZ8	917210.1020921357	



Page page2 has the following tuples:

12366	708027	C6LAJ5BA193E5	820326.8308180295	

12366	360083	JL	670527.2059179284	

12366	534030	75LL5ZY4AK52J	767472.251939356	

12366	805954	TNHZ2TEMN	324660.94625617535	

12366	851698	1R	894522.5026305408	

12366	719475	IQJ	709712.2514545367	

12366	735791	2K5KS7ARBBE1IO	527004.8369623906	

12366	812529	O	909279.6870177909	

12367	274478	J	947607.8881157319	

12367	665267	6C7R0	731479.6984320158	

12367	10955	8GI	663123.4708714789	

12367	537858	TZNTB	64208.23941784781	

12367	680233	2IRPP3XJ8U2	493091.77969387185	

12367	443193	Z	932264.9807192581	

12367	663408	9KK6T	814767.6686176935	

12367	725585	8WCLPSTL2IHPK4	494634.39033461345	

12367	292977	DAXWIV1ZL	182070.2525287601	

12367	187177	D	474287.48168121226	

12367	163057	S75WTFO0G0ZPX	997143.0423420789	

12367	117087	N3816QVGYKTL	356257.94735700777	

12367	468214	UR0RD06L6GDQ	785447.7226427821	

12367	389889	42MMZ63DU	395729.1503293544	

12367	91703	EG4FS9N7SKJGDW	869312.6724243069	

12367	857432	BQJF136U6O5E	948836.6115297145	

12367	563483	TQ818Z	507372.0379979882	

12367	545229	DLLW	574527.9449414094	

12367	844820	JIFT2X6052XE	251587.92389410324	

12368	776612	4	776656.6537071341	

12368	344701	2VL6SDJSO	579687.8495149107	

12368	235499	DVW2OD	14156.74652504928	

12368	857506	V12	392943.8612022983	

12368	730103	ZD4X9LP2E47MC	965188.0797359569	

12368	580701	ZLLFUVUBL0	50263.50328461116	

12368	122342	DN75E	345797.9278910737	

12368	709394	VSG1J19U9	171205.43380178788	

12368	30960	DYUYOQ1V47TA1	874943.942110323	

12368	506253	WGFCVV1	882130.9959862313	

12368	510815	U	183242.6615985634	

12368	905162	3FS1BRLC	305280.8309648334	

12368	392288	0KI	877026.2920486943	

12368	285323	N0HJW3RUC74	995041.1911763153	

12368	187140	A0Y	351851.9338202175	

12368	369026	83IUDH	250435.3158340764	

12369	285636	X9AFXWCMQYO	639819.962317325	

12369	728875	DM2VW9	798465.8749563621	

12369	668791	0B1G91HVW524D	340449.7778678416	

12369	395910	1JE53ESIE9	905732.0348174019	

12369	896482	UY5MT0L	742854.8566654539	

12369	706272	42TGD2	912355.1514714331	

12369	597275	F7DXK3	102206.15667362587	

12369	825237	MDP1MF	428680.5549131307	

12369	45720	Q3XU9Q4O	873393.9950967663	

12369	651		760536.7472290983	

12369	898370	2BS09RJBZRQC	876884.8086271062	

12369	299242	IBNXZZNF	665545.0261306503	

12369	858339	7BSPY	267568.5854588772	

12370	4111	9JS4P0NY	790787.0630772887	

12370	329373	9MDSNFD5JOR	358529.326240308	

12370	271818	M0RFFP	348979.5128883195	

12370	351975	J4YNE1	396961.33638145216	

12370	824168	4K5J6GYS1	963347.9666306046	

12370	481618	P1M	925456.5337922688	

12370	901101		832808.1189668429	

12370	41860	X03BHSCRO62WBG	975361.1219725667	

12370	435491	RO9KR5	169891.38885281087	

12370	572747	DJ3AH6O0J5R4	995057.1030231008	

12370	818921	YXRVLV	504126.2281750736	

12370	832506	KSUHE7ZX2K	583905.8858286899	

12370	162960		569993.5199878669	

12370	630591	2NLOK84	662168.8809323268	

12370	684158	253BN8MTRQ	964727.7599281158	

12370	519135	U	115670.21472269112	

12370	557732		925290.7236013081	

12370	359553	2VR6C8XNZ	457664.35503983905	

12370	414124	VDFQ6PV	411479.90992813744	

12370	402438	Q8HQW1	211834.94030536455	

12370	459071	8PSRY	533136.7846812773	

12371	8400	PSJLOVIRE	97318.94969184896	

12371	718761	XWU	140884.82602009323	

12371	516046		844003.8283472061	

12371	389946	AP	84201.9729350333	

12371	911887	ASIFRNENQRJ	81226.01515357764	

12371	95457	85OUXWVU8V7M8Z	999080.3081154609	

12371	479450	URP8R0EIV8KFX8	138482.71432773108	

12371	365133	Q8QGKLQWGT9U	541009.3241328374	

12371	269960	DVCZS50K	65423.63019172348	

12371	123307	062	160614.71860511735	

12371	921550	5NTI	974342.9930559873	

12371	449201	4ZAG6	456208.6113407151	

12371	214799	64QPD4U5JPCQ	641814.9051240168	

12372	273931	DAJCWFTKXJ	449483.15495501854	

12372	566531	LGO	260255.56943303152	

12372	234246	Q5P4Y9ZOJZ6	968992.6960282492	

12372	867682	6CX6DVSA	382348.2824585922	

12372	212776	MEBCW1	156569.26664656977	

12372	183823	MNOWMI	459208.3245649502	

12372	499671	23MXXSEIKXO	632618.7302541257	

12372	600221	XMA	199889.54447563578	

12372	810702	0RSHA4F	495162.65506427427	

12372	911613	V9MJFE1T6I	600815.344665087	

12372	804794		733976.1039690389	

12372	738876	M2	799933.3376679724	

12372	342953	3P9GUFHUH	440856.4010494896	

12372	576919	F7N13JQEMDLP	20327.94898640855	

12372	642903	V1ZOB40GY	202962.790238971	

12372	810701	8NIPDPVH2R8S	580815.5940012162	

12372	716547	VZ	542576.3306441633	

12372	164418	YAT0T8HSGK7VE	480355.2608496902	

12372	10466	ISXO5JDD	955215.1998412985	

12373	907577	79MN05NQX6I	7965.984589042186	

12373	420569	GIB65AJ663	579748.5593349301	

12373	877585	55RO0CXP9M0V6	7328.977339866038	

12373	418095	A4PSZT	767743.4070122399	

12373	627724	WB8AZ	937771.3927219787	

12373	333167	3U	432360.33756358095	

12373	482376	13NXSL7KR6CA	875859.014525554	

12373	673985	Y0J3VFAOVO	953697.3045902061	

12373	725380	M3DDCRO07B198	260523.0678798396	

12373	869023	EQ3JF06F	319330.03273327363	

12373	46873	NA	944608.2520554354	

12373	776205	GYBVU3A9GA4R2	903771.898783894	

12373	212656	4VLL	166981.32446771563	

12374	495879	G66HBQSZ	292631.92071597575	

12374	143767	IY4BAXDQB	261646.32157394986	

12374	732515	QS2YCIWVQQFHC	945236.2141210799	

12374	573806	8	429847.0292724672	

12374	877008		610627.8658483311	

12374	307075	J6DHG27D	534438.4808741367	

12374	543661	YNSJ65RFL73UR6	442067.3359323861	

12374	663362	F1V2XS	18124.199960038	

12374	141496	H8FU	279049.28964519274	

12374	391183	ZBD5ZQARCQC3Q	222254.7727321925	

12374	245972	PGZEYFVZUI2C	400240.0695530811	

12374	293999	LDTK1D66T	176388.2131014719	

12374	16449	L6G4Q	556250.0252083393	

12374	908715	BF96JQ	620206.7623156061	

12374	226270	U52780IIM1CAGF	255150.69565380577	

12374	820946	OMHMTMF	505123.65831681126	

12374	363733	RDPHN8I06XZYFM	130006.05435036305	

12374	66014	LFS	793479.0955810087	

12374	618183	I	870535.318914279	

12374	571859	W2RAWEY8J281B	911440.7947102106	

12374	753079	XP4T	44877.17251734258	

12375	895721	YJ928CQM0	970309.2609795466	

12375	434928	A98QTHIN50WGL2	678402.2717344248	

12375	771518	1GCA0NLDLLXFYG	733705.4979174661	

12375	539401	DQU0TKB9CF2JO	140752.82721847837	

12375	98094	BIX94HYL4B6Z5Q	875675.1854934786	

12375	144316	HU	758062.1221465396	

12375	584421	VF1MEAH7W51YL	792881.6259657387	

12375	151085	HAW	38573.437061165896	

12375	587410	378CCMD	403186.58932097984	

12375	336337	6XKGR	778657.9256213214	

12375	508525	UJKBD	439971.9558284341	

12375	479859	Y4HGRRWUWR0	743836.5400703809	

12375	30938	JKNP3LMGI4	476837.80748539517	

12375	49166	SORF4NL9HA3S	444846.96782318346	

12375	925809	SFG4SLI	398457.0237384909	

12375	784900	K7XVLRN	911349.3446329815	

12375	63836	O67RAIT0TNI	926172.8635544367	

12375	489132	U3PXUAF	542351.1061778063	

12375	289156	FLYO33SU	138816.6551634722	

12375	743687	2D6X	605348.1802546139	

12375	461909	MNSQLW	863223.1886823014	

12376	546768	Y24CDODA	581019.2926834528	

12376	385481	ZPDFFVQGJ7	527762.2375148025	

12376	74543		617855.0846765668	

12376	753891	FX85TQRIQRFNSA	104057.84998254264	

12376	490635	DJ4OKVVFQZ31V	362819.55648639385	

12376	864073	T9FOB66N1SGJ	14832.071304381578	

12376	13549	H3ZXM55O8KD	537067.7725190553	

12376	525214	0ULP558OI2	499908.58434276	

12376	105082	VRN3E709W72	273096.12923567503	

12376	315160	S5CAFDW9F7JJE	781563.4440004322	

12376	160784	SM8HJDR87K	910928.8590316664	

12376	565569	CEDBHTFV3Q9	63361.87351434841	

12376	870853	3O6XG	299802.1900552444	

12377	380979	BSV912F	861105.3300982941	

12377	79336	6R	792152.9905704232	

12377	923673	9S	994392.302532136	

12377	848911	4G3G8	797345.3007573115	

12377	431349	RH52M2QCCZNO8	722474.4270138992	

12377	414654	HRD	416980.72050410486	

12377	788286	F49G41S7N5QV	616614.7831286904	

12377	549587	RF	380893.7050605152	

12377	261857	IVEUU	80455.85241760478	

12377	371050	O0M6BKTJXT	503002.1435998614	

12377	902020	UI6GB8	75636.19572854218	

12377	28506	C2GLAPY2XTA6F	361236.2247382894	

12377	373023	WPG	647545.0216611248	

12377	552320	Q8FSDIA3GGNP	201311.2203129438	

12377	660781	LY	759884.8604135094	

12377	5756	05VNC0TR	859607.2109635345	

12377	771705	S	558145.425719451	

12377	300459	43P7CW	790879.5517597721	

12377	202713	TO6S	350064.8903536957	

12377	845688	L	609746.1115276742	

12377	876461	YS632UOIBR0C7P	220074.47946761726	

12377	507714	L	607683.0687782111	

12377	696175	F4	245090.04021428403	



Page page3 has the following tuples:

12377	686212	TDZV4FSBJ5	798565.7826225436	

12377	485516	7I1	682001.6360152521	

12377	354747	J1RZBA5KZGM	720738.9966385893	

12378	249014	4R0BZREY	492620.33124229463	

12378	721328	SOC	835072.6659141515	

12378	117497	MDAG	121712.80504159909	

12378	255993	YMON6QKMGMQK	861929.2410752915	

12378	131072	1DK8D30	98845.97245839743	

12378	490947	NW	341580.8565177643	

12378	537873	RKCWN7FHO5	456022.5445363487	

12378	608361	I2	790351.5364772673	

12378	734011	6GB5NLQ7DMX	47000.71552720208	

12378	466760	M5B	338558.0107368601	

12378	457825	K1BZY	998963.9974335938	

12378	166252	H4S9PIBQW	528091.7728444539	

12379	60285	NXMZR	266782.7466305358	

12379	823141	PRI0CK	841783.7498251819	

12379	728370	L25	488192.03771605866	

12379	347500	5FMRTZEA6	874325.917559162	

12379	883811		238637.4494087322	

12379	808074	3T3R21	128091.74215203556	

12379	431133	SDOT42W9XNT3M	434419.62376091146	

12379	195114	9INVL3VFWW3Y3	592169.5830048642	

12379	441830	9VDC21	369663.244978459	

12379	171879	91	541513.3970370557	

12379	814250	KZEEV588SA	154287.52207651507	

12379	712767	40NAESW68CJF	120478.23413277125	

12379	402785	VK4NT1HUJJNN9J	429414.7824475592	

12379	457881	1VDE9EDC6Z2	613686.7378468533	

12379	661295	6WWENNDSSN4MK	957983.8946078761	

12379	165820	F0Z5G4D94	772439.208347697	

12380	321382	XQRVF4K3	518887.1866480415	

12380	601970	5Y7YL3CQ	78264.31126941113	

12380	413515	X1PVOFTMXX	198127.06096792908	

12380	234509	Z	703103.6114757695	

12380	117794	2WGAC2IY1	683220.6064343615	

12380	580777	OF8	311094.49105378526	

12380	728648	UF7EAWPFGACX	797681.6235102995	

12380	660159	WQ8	933005.9024909834	

12380	274611	BWDS	332192.2267025309	

12380	573641	63NM60MW	485591.89318751084	

12380	592630	16AGIZRKOY	481112.80574948865	

12380	129615	K5943LXHRH	485365.1596703178	

12380	25345	XXWXTUKAKEC0	586809.9620222935	

12381	425119	RB6MPE	43046.08198786653	

12381	148329	IWQF5TNO99YHXH	638440.5483990486	

12381	202562	JOWJ0DHF	294619.11998156155	

12381	656347	BTG9IQAF6	673562.2522060391	

12381	809524	61EJHXS	842827.2606769837	

12381	327211	Y0LMKNLF6EB5	438816.5532849978	

12381	473186	ZWSAUI5NRM8IXK	804649.7158124447	

12381	870371	NJ53N6O	36039.96829745126	

12381	563913	FLXIPJF	19687.091854432958	

12381	569249	FBFS33O7U5K0NF	973169.1688344117	

12381	48578	LVTUO75	486648.83666198497	

12381	499777	MY73D4NKGGXSGC	408297.5285313282	

12381	737817	MHTDSFCLOBQGX	137703.39064662863	

12381	530467	ME0XL9YW	927046.1443271075	

12381	383501	6CKGU794F3USV	580336.2627741363	

12381	534764	14E473FJY5XJ3	587877.2484408764	

12381	151289	5ZMPETJ0ZZY	280200.06517371675	

12381	311722		146784.9607221461	

12381	698408	I43QPHUG	470779.2781145402	

12381	595488		903569.1153090943	

12381	734730	HECKHMV0Y3YVZ	627994.8499556191	

12381	496435	58AVVUE6BAV	113075.59720311122	

12381	156453	MMLQ5O0	722815.2529181921	

12382	802843	GAASD0USH8SW97	152919.9552579087	

12382	753916	HSBWGC1	74502.71379945995	

12382	916296	IK4C373	331886.3278173964	

12382	729159		975529.9317898612	

12382	365550	D9WT15PQ	708515.0928334983	

12382	425863	XEAB7BBFGHI	359866.2776691082	

12382	563735	YROMHZSCAHCMLI	9841.848895361438	

12382	280923	G06M221MF1	787417.325643704	

12382	854051	OWZ2C5SW6VG6O	451380.03469199425	

12382	916328	VT7BW0FA3JU43	27750.61244578225	

12382	653585	X	977874.5189376607	

12382	291419	0TW622ANZMOF	742273.9771405631	

12382	67642	IWUPA10L	847920.8311482271	

12382	665884	TN4SJ	288081.07781248813	

12382	509834	4JE2KZDBJ6VR	445796.40318423044	

12382	633685		394831.9430497292	

12382	71198	ZVDALD3AX07ER	959639.8234598335	

12383	180221	Z93AZ2L2	169050.47732883837	

12383	845176	DOND	851588.7598743679	

12383	232154	NF	603038.3815694071	

12383	835848	ETC53U	426201.2623702709	

12383	597003	7YBYHJK724AJCK	561017.157173252	

12383	294291	VXL32W03JJ9	96025.65999341971	

12383	614105	PUUEZL6WLA	437019.1197697938	

12383	510645	B06I6M7K5WIAF	920610.1026704641	

12383	885625	TA9460DH	710407.7299746615	

12383	126963	SG	576599.7142552469	

12383	48613		294877.0549060863	

12383	722684	WTGGP85	83895.0122415667	

12383	497615	V2LI4SQ3MAN	996598.9754877652	

12383	563994	MN1JMGGEVTOI3	152329.3798323444	

12383	234212	GXSJRYBLL0ECCT	124408.33643302463	

12383	731563	TAO0D7MBLQ6NW	797130.8596464841	

12384	153948		757581.4064886179	

12384	112488	O47P8HY753T	271175.82573433884	

12384	199707	7Y	47474.72890754812	

12384	166873	0NBPFF9N3311	779840.0854259803	

12384	69836	OBIH	112861.22391103726	

12384	698457	Q8K9Q9OW468E	23243.488872858987	

12384	379239	1GBF	384090.3718696378	

12384	90433	FMEQUW7R	895116.8306045136	

12384	513989	YEG9FBJSAE4	558384.2478084359	

12384	805977	8JT4Z4JTBP	208020.6312871008	

12384	281758	1JOGL9G51NWW3	704393.2040233671	

12384	400943	S3I62539H9	865079.6518225189	

12384	247464	M3BZ	814033.6282666222	

12384	585567	7B187WZ	567804.4227100201	

12384	880906	9IK	959709.4816838842	

12384	679869	GYVMNXIKH8	346019.79382770107	

12384	490909	MNUP7	99699.98254151846	

12384	259196	7FHYOAXYPC	560712.0040781007	

12384	605386	X9MZQLA9KAT	65679.52949746902	

12384	759993	STMG72G	389877.96389681485	

12384	310591	3NPO9EL	388756.22439727234	

12384	164206	2H2D9D7	369887.34040283144	

12384	663618	HMGDI	489217.3576691	

12385	646065	B3WMPQY9XBY	213522.4341765777	

12385	692437	YWZ5NGT6H8HUM	545938.6871297213	

12385	58297	KPWZBU2V	682889.6510378531	

12385	100525	CCYK6OPP	498798.59358616185	

12385	909544	2	478385.2925713342	

12385	919085	5JK8RW2358H	259728.82315506507	

12385	513019	JJH	402462.23383920477	

12385	451878	ZDMC29924WU	434708.7496034603	

12385	449412	QYQTHNO2	830703.3697020629	

12385	657327	02EGHCM	700566.4897821032	

12385	186114	9E1PAVI870	55979.28242561667	

12385	801804	JWH497AZX6BY	802614.7057739954	

12385	420454		506777.15046318073	

12385	450773	ILPG2DT3M	576463.7462038494	

12385	849977	M01VPEG62L44Y	210387.43638664458	

12385	30410	0	452816.96788820805	

12386	117889	R	126078.42614946562	

12386	730944	Z0RMR24U	415400.4803798932	

12386	12991	0A8GQUJ2	541206.5909555156	

12386	512632	S	628592.6253373332	

12386	761171	4T	473808.42772587895	

12386	410697	7P13P	36277.11590347138	

12386	67270	4F8X86GRU	494098.11979113903	

12386	287809	ZOU	202913.0607199864	

12386	702780	SQ22LHPNE5	146927.91816048612	

12386	21734	U8UXQFWGOTRHC	610958.5186042056	

12386	631775	T	943323.0952662762	

12386	528757	QXUKB80N6O	370566.19708181504	

12386	924629	NUJLZ	607125.1292948243	

12386	478245	FCZXR8UC0KL	605430.9994159758	

12386	154529	6R389K27	698089.7942963853	

12386	322680	45Z	235313.61888581802	

12386	515290	10R	184009.148647743	

12386	47708	JAT	967632.1982349931	

12386	872002	M55IZM09AE3C	422885.52707766846	

12386	511518	XA99P	836038.8573298763	

12386	806987	12RD0GGGF	256261.10579776685	

12386	583918	NIVCWL52	533642.9255775873	

12386	651437	QAWV9GNNTCDQ	611999.9415179336	

12386	735643	VKP4	854873.1028526071	

12386	151893	8VFIROVRGMQ1ZJ	409217.85287342384	

12386	107737	Q7U0EG4M2SO	151369.28925522964	

12386	338400	YA3HUG	698729.6975366272	

12387	246791	CKLIT	682501.3422435557	

12387	432307	J7	77888.158052705	

12387	40223	X8T27L7JRINY	957771.0484067221	

12387	86794	GLPDIR5Q	27352.501722575416	

12387	269931	0H	497031.4584210015	

12387	590346		972614.0773157382	

12387	493674	RNOKZT2GA	376220.65341676434	

12387	136420	R978KU37UN	577948.2527325705	

12387	456840	W19CWWNQO	741375.121396619	

12387	180387	83CTJ7SYRPVX6	541944.669082277	

12387	109058	F6G1NL	411376.97390063823	

12387	647422	4A	855575.5492705359	

12387	92204	0SBYARCQT7NJMA	229578.48023865136	

12387	246788	MVELHG1GW0M	387047.25398861495	

12387	470465	8HO9VC6OZICS8	9296.814630422534	

12387	7756	EIVWIN4	48197.799550263706	

12387	121909	I92W	182724.97946817	

12387	277413	N3JP1PES33NN	291617.2097499851	

12387	230127	SCZ5L	868240.4860230433	

12387	426513	OJM24S	269499.5938822639	

12388	839594	DC	321712.49135933677	

12388	874189	4LUUYSA0	151473.08506643274	

12388	865549	M448UDDRQMPUR	248668.07686991754	

12388	400744	SZ97P	234410.2557263371	

12388	395019	UC1W23L2RAJVN	836552.2482210569	

12388	879093	Q	902972.8225631376	

12388	382610	KNEPKP5HC98LC	639079.8199107	

12388	227295	IJPRNPK8BZ6PD4	525603.8513381628	

12388	70214	9NCZMBI	468748.97085149423	

12388	183019	ZWRKW3QS	814589.4169865127	

12388	249974	TE376C	726473.063390228	

12388	228025	0ZEZ8X5KTU86	150191.7342694805	

12388	918008		69817.75305039706	

12388	727520	C	795687.8464588901	



Page page4 has the following tuples:

12388	2749	MRLRWBSFM3	515918.60937468393	

12389	576085	58L	747231.6923390677	

12389	325163	Y6POT8KE	79894.972468595	

12389	822921	JJ4KF	595468.3557999937	

12389	341325	NQL	13607.86072248954	

12389	195617	4DO2	890163.0193020577	

12389	790704	5LJ28294HHE	64496.77484342986	

12389	145358	AN2VTND5Y	580410.8443897618	

12389	147646	ZLJZLS89FD5FF	95683.78999148063	

12389	582264	10MRKVETL4	573265.2096871912	

12389	842198	8F5	217005.86019018275	

12389	558904	DM9EG4W	728486.3593838318	

12389	533163	CF244LNLLC	74483.42024310085	

12389	12509		652617.329683913	

12389	901206	W	936231.1137779523	

12389	192201	IS47TUY9	537908.3797887723	

12389	643999	1N2446DZN	166910.29319215845	

12389	196668	0X9UX9TO6PQJG	292191.2834095067	

12389	787980	YT4C1LPFV82XAL	771545.1382969443	

12389	750381	ZN1C0	903379.137887719	

12389	861245	52D4E	16749.845915370654	

12390	707659	VY60KYC	232318.05837279407	

12390	29674	PXXNSMR5V3	32510.483846080573	

12390	6640	00RY4V6S	405363.6424835074	

12390	894798	RFXFMY	733462.3420418621	

12390	900520	HA	951029.6845660665	

12390	633320	5C	579369.267307598	

12390	515424	62T9WWO	56192.43057496648	

12390	774440	7YIK0NZAQYI	413654.73902059026	

12390	824330	EOMTYGWM4G	756481.8397220622	

12390	688104	N7Q	922134.2793595757	

12390	708207	AVYMO8XYELV8	853731.516678321	

12390	54324	F6CZNY3V2	749231.1258649738	

12390	784532	AOKNR0U19AP	209242.8414622468	

12390	824019	88KDCUT23	147034.81396046715	

12390	617416	WV0UM10FJ	789163.5465659697	

12390	660778	WKVMQ6QOK	532171.5898225325	

12390	914493	SC20BWET91J	246102.53674277838	

12391	917071	U1S03	535597.8379572091	

12391	107084		792927.9244771635	

12391	563581		388529.33344324824	

12391	78452	HT74CX3IIEH8	289876.58939551975	

12391	492728	UZ45	842926.1703879596	

12391	542302	1	223070.87619723452	

12391	748029	HGA663	536707.977469225	

12391	696199	5EC2D5SO	303918.60816781333	

12391	593396	RPBPAAW707655J	363869.1668478731	

12391	729462		441138.2125654453	

12391	900542	2X78CM7UOUWV	327425.04475764657	

12392	635489	V1HN2RVXH6	725918.6328111544	

12392	744796	8ACM7L25A5M	984401.9244257616	

12392	642097	RP2B3HAVB5XEVH	708360.5407330913	

12392	810080	YPYZLNST82	101273.87265076737	

12392	769275	3	803609.73553546	

12392	390602	AW3RG	229842.3957990685	

12392	476114	2DKYRZBH8	884132.0892072015	

12392	315966	SH	716097.9328441542	

12392	180564	Q8CL5E7ROAB6	593012.1478192101	

12392	6315	3AXCFOVVJ6MI67	28698.58787384871	

12392	197392	59DS	160275.72452399752	

12392	229917	0P1	903715.8192639353	

12392	193787	UTBUFAHEG1ZPN1	226398.28905092386	

12393	765960	OL5I01	689224.4693815075	

12393	124722	RY6IOB	15749.999066694387	

12393	156924	H7P9E2EFQKGV	861182.9294072379	

12393	881515	H303YE	304243.6895251115	

12393	810868	XZFHHN	818710.8237318556	

12393	147870	9PFCFM5	470047.9799501604	

12393	105469	M0R	923762.98562149	

12393	707099	HPQGR3TZA	83446.60878539812	

12393	728730	KBE	478092.4718633548	

12393	686523	HZNPB139	546943.2168656257	

12393	784707	NI	970071.2667301932	

12393	167805	AZ119VK	166258.22439355354	

12393	755007	41GH	926063.5187426307	

12393	632410	I	757794.6936559603	

12393	732344		834393.1149350322	

12393	396082	FK8EW8TA59T0G4	875083.068449113	

12394	347608	UV6BHD	843814.0300909616	

12394	29148	LRJ5HOT	995706.6674140559	

12394	340176	27Q6	58288.19109113825	

12394	138198	6Y	690234.8177822831	

12394	235973	RODJCDJ276WDF8	500285.0230943253	

12394	659682		183020.0743126279	

12394	909408	1M7NDW7	714994.2516269237	

12394	105444	T5WI2X02RUHO	700624.4440429818	

12394	9559	XNZXGWUMB	16198.928973509275	

12394	69444	9ZZ	252862.61192691207	

12394	406627		239131.3284375395	

12394	25865	QFP7BCLA5ILFZ	271461.50529742305	

12394	378768	UT25SNDSU2MJ	466012.8423023123	

12394	756385	J6ANVD55OO7E7M	71445.37857187439	

12394	680752	14IUWIQP6	376631.5226192146	

12394	716244	8FKD1	83934.96272852829	

12395	148879	B14U4	563341.126518804	

12395	561279	TTF	935572.1087917163	

12395	772832	X	774581.7978540601	

12395	536262	KIS5BMI6SPMA	195651.76542536067	

12395	39274	V	746380.7542041284	

12395	294209	OPAAS	327609.9280349109	

12395	641209	BCCODWRZ37	685237.1687239863	

12395	551588	ZLUWRLJRYFS7	540440.1549980572	

12395	198853	9L9JVAA0	54364.788052343574	

12395	459680	UWB317T	853175.0620677349	

12395	116584	REL24KP0Z2G	399890.08679808734	

12395	20865	F136R9BEO4LA	515592.7804372409	

12395	379299	CUY8FA	619754.3239461802	

12395	447024	RL1I	556145.8915402327	

12395	334047	B5WBX1KIM	98432.13102807257	

12395	238319	BVL6TW9IJ6A	814162.9324752782	

12395	258747	W051	808346.5884757771	

12395	763153	9Q7SB5WBG	491006.4818880878	

12395	404440	I9L08NHQQT	835798.0602541523	

12395	403139	EE41G7X3J6	464416.5772622786	

12395	19210	D0B2PUTH2G	928596.5426640275	

12395	633118	X536UEEWNB	660410.0280083278	

12395	570902	CKAE	946384.487926531	

12395	441779	7KNFZG	55096.25457493184	

12396	567764	SAZEDG5T	383912.7781692371	

12396	612809	PVCVVUUS9IPD	406132.6818132424	

12396	429647	FKXVWW6	299603.08394119405	

12396	435171		994520.793310958	

12396	58478	E58KVKIL68	771322.7881710735	

12396	268531	YIPAO0G1HGMAFI	677993.6823621781	

12396	494047	6MKVZJSU	284503.45377234044	

12396	119862	5WJNBLZLAD4M8E	221375.06001650286	

12396	398103	TC9G10NU	670019.5233224233	

12396	682848	Z	488610.53360067785	

12396	645041	19TB1PFI9TLPG	923369.7096712871	

12396	560121	5OKYOONM	62924.534164380704	

12396	248591	6D	953896.9700431295	

12396	594898	PRB99	262580.9057132655	

12396	753534	R3OEBL9	280376.710588234	

12396	138562	PGZPHLQJEEE8W8	854643.9110509497	

12396	274824	FGRVW	593269.2364055503	

12396	916366	K3UZ	419000.6348189064	

12397	436338		410000.0264991515	

12397	426787	M1HLJV5BYIOVXJ	602588.0254065127	

12397	264780	POICBNB1TY	955265.0554113314	

12397	251592	ZRJJLD	471507.7134860681	

12397	155933	X3G86Q4UW4	520629.260772421	

12397	289019	0G55	69300.11314294593	

12397	378123	MUJPMZ76F	867046.3644565922	

12397	707636	DM6Z7B8Z5	470945.7703322153	

12397	257812	SOPSP3CPWIJJGR	176346.46162777257	

12397	830535	Q1OROIFKX5WOW	76695.59910952706	

12397	885561	I2OUZF8XT	57654.848255843106	

12397	879698	BB	795548.4838300718	

12397	351970	J2SFUCX7VI	953570.3717844705	

12397	511438	R9LG12T1UQ5YOA	505795.49612773134	

12397	288258	JV44LTQ8	195331.9182009272	

12397	33938		500925.97721244005	

12397	726684	ZRQ	382810.00357818697	

12397	557875	6	402980.6107725019	

12397	321868	JVN1Z1M74	325965.38928737096	

12397	645885	46	807130.3972324195	

12397	147194	KPOL8YTWE	60786.211158352366	

12397	375762	4J4GZ5Z98XL	886573.1730056473	

12397	637153	N37IUCKBYCR2	658758.60463961	

12398	385867	FHJDZIR61L	949843.0277426991	

12398	494303	IY9RI4	599328.7857937067	

12398	73461	W9YSO8WCMRECES	159255.76460249315	

12398	824893	Q0FKNMJV	258765.60796783277	

12398	355667	GS1UZQ5X	671047.3156913666	

12398	828068	YH6754NK1WVG1E	430655.3392427547	

12398	359182	MFRQ	21085.582129673265	

12398	571307	C	490293.8467135771	

12398	212631	X	340430.8533316013	

12398	782427	PDDSULNJR1K	16182.168930755413	

12398	908292	BU7QQF	676887.0012660377	

12398	294770	U6Z0GHQUH8	451717.9316602958	

12398	381073	S81MFU	106075.45663490126	

12398	110447	EANYAIL59DL17	761441.5621849711	

12398	713794	46QTDUWH7221	817513.4502955076	

12398	190075	RX1HVHVO	141061.4258155244	

12398	324744	6DBFPV	497841.50039090693	

12398	43877	QDB0FNS	650190.7807264611	

12399	852929	3XZIBLU29EK	577453.8059878129	

12399	457804	HE55G	98624.87112584895	

12399	47155	C11YAD9E659L	519955.9760039886	

12399	205406		627264.696865784	

12399	503654	D0NBMW44W6XP7	894807.4257421382	

12399	605671	HQA4MXPE	918381.273095263	

12399	241695	XOC86CWR	28463.982761152696	

12399	117319	HH8XKJHO39NY	916897.3559684596	

12399	560958	8I4X46YX4T7	733858.648214509	

12399	104228	B	430693.3859328329	

12399	643510	Q5DN0Q4S7B8L8Q	461469.8523778682	

12399	514209	0SEAB487T6LE	891788.9435524712	

12399	437537	H0L5	310199.72086252976	

12399	417125	M2MKG41AMDUWZ	582961.7589128043	

12399	465590	VG9LJFQ	607473.9936943387	

12399	800317	L5L0D3U2N	389744.11658551166	

12399	384524	3SRSKFS	277323.6415928516	

12399	278040	IHPXMR7FK2U	558369.1992834063	

12399	260893	C80V9B17HWMBXW	727285.4706985035	

12399	21101	MIAK62NO1CP	546001.7934147631	

12399	68985	UUXBXZBTW5360J	902276.9789944199	

12399	753846	7ZUO5MWRH	33049.202241290484	

12399	169233	H8WQ335K3XOQ	84088.55895927415	







