i=0:  116 (12,2),(46,41),(55,42),(18,23),(52,16),(22,18),(11,47),(28,0),(59,41) Esso
i=1:  108 (24,35),(19,23),(25,45),(34,18),(32,27),(26,21) thanks
i=2:  116 (16,17),(43,6),(40,50),(29,28),(40,26),(51,6),(8,56),(17,49),(35,10),(40,34) Ahmed
i=3:  114 (49,10),(5,50),(0,2),(46,12),(26,4),(55,13),(28,16),(10,36),(22,24),(46,46),(13,28),(29,5) 7elwa
i=4:  110 (33,34),(20,25),(50,21),(43,14),(54,8),(37,24),(42,31),(41,29),(49,32) nice
i=5:  119 (55,33),(37,15),(57,26),(58,26),(6,9) Bela
i=6:  120 (27,18),(26,31),(25,49),(55,1),(0,46),(51,4),(7,25),(36,33),(57,27),(22,16) Ahmed
i=7:  121 (28,47),(18,3),(0,15),(41,24),(19,30),(19,8),(20,13) thanks
i=8:  101 (10,38),(11,57),(57,9),(15,4),(5,33),(8,4),(17,11),(8,43),(57,2),(35,57),(3,8),(57,45),(27,2) Bela
i=9:  110 (17,23),(44,5),(28,8),(52,40),(41,54),(14,9),(2,16),(55,24),(55,3),(14,24),(56,15),(18,31),(59,7),(55,33) Ahmed
i=10:  116  balwa
i=11:  117 (19,40),(46,7),(48,6),(33,11) Fathy
i=12:  111 (46,3),(20,17) Body
i=13:  122 (49,32),(17,30),(41,20),(45,54),(17,30),(25,52) balwa
i=14:  115 (15,28),(58,37),(8,47),(32,53),(34,5),(9,27),(32,51),(21,9),(59,38),(17,25),(59,47),(43,30),(13,18) thanks
i=15:  113 (40,54),(13,4),(38,38),(5,46),(27,50),(7,50),(6,56) balwa
i=16:  121 (18,20),(1,50) thanks
i=17:  124 (58,17),(36,50),(57,50),(44,7),(5,58),(55,6),(28,58),(56,19),(11,6),(55,54),(48,20),(41,43) not nice
i=18:  118 (53,57),(15,48),(15,16),(24,25),(59,20) Ahmed
i=19:  100 (4,24),(15,13),(32,5) Arousi
i=20:  122  nice
i=21:  102 (33,18),(4,20),(5,24),(31,2),(26,39),(20,43),(35,25),(38,19),(8,21),(15,45),(16,58) balwa
i=22:  111 (33,40),(8,41),(28,17) nice
i=23:  109 (29,16),(27,18),(50,58),(42,47),(58,29),(27,42),(35,42),(58,50),(58,33),(1,25),(36,37) Ahmed
i=24:  105 (15,45),(33,57),(43,0) 7elwa
i=25:  116 (11,56),(10,29),(34,29),(29,39) thanks
i=26:  119  Abdallah
i=27:  103 (0,46),(45,27),(21,6),(15,6),(24,13),(24,59) 7elwa
i=28:  114 (56,11),(16,53),(0,3),(7,47),(23,58),(56,5),(41,57),(17,26),(49,47),(30,29),(0,28),(59,5),(25,26),(16,16),(51,22) Body
i=29:  109 (5,47),(28,18),(30,49),(51,44),(46,46),(9,54),(3,35),(21,49),(32,44) nice
i=30:  118 (22,5),(9,42) nice
i=31:  113 (42,36),(29,33),(59,20),(38,47),(8,59),(11,24),(48,43),(33,3),(54,21) Hela
i=32:  116  Bela
i=33:  104 (20,57),(21,40),(48,34),(20,38),(34,25),(51,24),(13,21),(36,1),(39,35),(23,10),(8,59),(48,12) 7elwa
i=34:  118 (20,20),(28,46) not nice
i=35:  115 (52,34),(42,30),(21,4),(48,17),(33,13),(23,11),(58,46),(22,39),(50,18),(45,24),(45,18),(38,51),(19,2) thanks
i=36:  105 (1,30),(42,41),(55,9),(39,44),(50,43),(24,44),(34,0) Fathy
i=37:  123 (10,1),(37,15),(36,27),(4,52),(12,30),(47,34),(10,36),(30,13),(1,0),(23,37),(22,38),(9,1),(8,31),(24,45) Bela
i=38:  109 (25,35),(13,31),(47,53),(41,3),(55,33),(46,30),(18,45),(44,17),(57,22),(39,48),(5,56),(35,12) Fathy
i=39:  107 (25,13),(42,0),(20,2),(17,45),(23,13) nice
i=40:  107 (10,44),(9,18),(14,38),(23,47),(49,1),(51,58),(11,58),(15,3) Ahmed
i=41:  107 (49,22),(45,51),(18,38) Bela
i=42:  112 (58,23),(3,9),(30,43),(45,48),(22,9),(43,1),(44,55),(6,23),(20,34),(36,15),(24,31),(58,18) Hela
i=43:  110 (5,12),(28,28),(40,19),(27,18),(58,37),(40,52),(29,16) Fathy
i=44:  105 (19,2),(38,24),(57,28),(32,57),(41,42),(1,1),(51,45),(44,22),(0,35),(41,47),(30,59),(26,2),(58,16),(44,11) thanks
i=45:  117 (24,45),(6,52),(1,6),(56,49),(9,18),(45,52),(37,30),(25,1),(50,50),(44,31),(38,55),(38,27) Hela
i=46:  100 (33,42),(1,41),(21,36),(44,39),(24,48),(28,57),(24,27),(46,15) not nice
i=47:  113 (12,52),(0,51),(28,0),(22,44),(22,51),(49,37),(44,43),(41,52),(12,17),(30,43) Ahmed
i=48:  124 (23,39) balwa
i=49:  120 (56,22),(27,48),(38,34),(30,15),(2,38),(27,39),(23,42),(17,44),(32,23),(50,24),(45,33),(42,29),(2,48),(33,24),(59,7) not nice
i=50:  110 (16,9),(1,6),(32,26),(30,24),(19,49),(54,35),(4,43),(22,31) Ahmed
i=51:  107 (6,47),(30,49),(28,14),(43,48),(36,29),(41,55),(54,3),(31,16),(58,13),(7,45),(45,33),(12,37),(58,34),(31,47) balwa
i=52:  113 (2,8),(45,14),(34,21) Bela
i=53:  104 (4,53),(33,18),(18,7),(48,16),(8,5),(1,23),(4,54),(45,15),(29,16),(53,55) Arousi
i=54:  106 (16,56),(58,45),(52,4),(3,35),(46,16),(19,40),(30,56),(29,11),(22,45),(58,51),(54,2),(40,50),(30,6) 7elwa
i=55:  108  Ahmed
i=56:  118 (25,11),(42,17),(42,7),(19,17),(25,2),(38,55),(56,52) Esso
i=57:  112 (8,35),(7,8),(11,56),(9,13),(3,42),(24,48),(27,30),(59,33),(44,6),(31,32),(55,54),(56,42),(9,27) Esso
i=58:  124  balwa
i=59:  107 (7,23),(46,32),(15,42),(2,46),(24,3) not nice
i=60:  108 (6,27),(2,26),(38,51),(28,42),(7,28) Bela
i=61:  110 (17,51),(32,48),(10,30),(26,33),(3,51),(51,19),(9,32),(51,20) Body
i=62:  117 (29,4),(57,21),(45,1),(24,54),(8,24) Body
i=63:  105 (18,41) Arousi
i=64:  114 (13,29),(17,51) Esso
i=65:  108 (10,45),(45,32),(19,36),(53,34),(14,37) thanks
i=66:  122 (31,37),(14,11),(41,56),(43,16),(47,59),(42,39),(30,20),(28,57),(13,59),(14,1),(29,27),(31,32),(24,53) balwa
i=67:  101 (59,29),(16,9),(21,32),(0,49),(11,14),(11,16),(40,2) Arousi
i=68:  105 (19,52),(21,17),(53,7),(55,45),(38,32),(10,27),(43,52),(11,56),(35,48),(40,2),(40,41),(3,46),(0,37),(48,40) Arousi
i=69:  113 (26,34),(41,37),(42,48),(1,56),(49,37),(50,12),(52,19),(18,59),(30,26),(59,48),(21,1) thanks
i=70:  101 (22,27),(45,46) Abdallah
i=71:  117 (22,41),(17,22),(27,59),(15,53),(5,39),(16,44),(42,24),(21,15),(47,21),(7,5),(8,54) balwa
i=72:  102 (26,7) Fathy
i=73:  105 (7,42),(8,27) not nice
i=74:  108 (48,22),(36,41),(44,39),(50,22),(59,43),(25,53),(2,31),(43,14),(18,39),(39,44),(3,52) not nice
i=75:  119 (8,21),(30,45),(7,51) Esso
i=76:  105 (42,55),(21,52),(38,44),(20,35),(1,49) balwa
i=77:  115 (29,32),(23,22),(29,1),(29,55),(57,15),(14,8),(58,41) Ahmed
i=78:  116 (15,3),(8,2),(16,3),(45,9),(18,26),(0,35),(40,44),(54,57),(31,31),(10,42),(36,5),(36,39),(11,41) Fathy
i=79:  115 (57,41),(26,43),(20,56),(21,41),(5,59),(34,48),(14,27),(32,34),(41,4),(30,55),(10,45),(12,18) Ahmed
i=80:  105  balwa
i=81:  106 (0,33),(38,9),(11,7),(51,18),(26,38),(25,15),(6,36),(49,17),(59,14),(57,4) Hela
i=82:  122 (7,14),(46,32),(30,33),(46,17),(50,24),(26,44),(3,45),(55,31),(50,46),(29,56),(48,34),(19,36),(30,4),(18,1) Body
i=83:  121 (42,37),(41,7),(49,19),(13,15),(57,12),(19,39),(50,41),(51,57),(8,9),(28,55),(21,38),(37,43),(23,23) 7elwa
i=84:  124 (50,18),(26,7),(1,24),(21,24),(43,15),(48,45),(18,10),(38,45),(34,4),(10,9),(33,20),(59,35),(11,47) Ahmed
i=85:  114 (34,0),(40,42),(51,7) 7elwa
i=86:  124 (11,3),(17,55),(0,22),(7,20),(33,0),(37,4),(33,50),(9,9),(30,35),(19,1),(43,38),(7,31),(55,13),(51,37),(32,8) nice
i=87:  113 (24,42),(33,58),(37,35),(18,4),(29,27),(55,22),(33,10),(16,38),(18,28),(22,29),(36,0),(36,20),(51,5),(48,24) Fathy
i=88:  115 (48,32) Hela
i=89:  122  7elwa
i=90:  107 (28,27),(3,45),(36,21),(22,20) 7elwa
i=91:  123 (55,31) Body
i=92:  103 (43,12),(2,58),(38,41),(5,40),(23,51),(14,39),(33,7),(31,41),(53,35) nice
i=93:  117 (52,58),(22,39),(22,22),(1,7),(24,34),(34,18),(55,47),(31,38),(38,17),(21,26) Ahmed
i=94:  118 (6,37),(22,29),(55,35),(50,54),(21,24),(35,5) not nice
i=95:  101 (42,33),(0,6) Ahmed
i=96:  105 (34,31),(55,1),(4,54),(44,24),(39,36),(54,3),(18,5),(22,42),(59,3),(4,10),(34,22),(43,56),(10,24) Body
i=97:  102 (6,0),(12,47),(39,52),(43,52) Esso
i=98:  111 (21,53),(25,16),(50,1),(22,48),(51,55),(16,59),(30,8),(36,36) Fathy
i=99:  122 (29,52),(25,9),(14,15),(32,56),(57,53),(51,37) Body
i=100:  122 (17,40),(32,34),(35,27),(24,18),(9,7),(1,20),(37,58),(51,28),(50,55),(16,32),(11,58) nice
i=101:  103 (44,28),(28,47),(5,28),(8,25),(5,13),(50,52),(24,4),(8,39),(18,51),(16,39),(52,26),(29,28),(16,35) Bela
i=102:  118 (29,41),(16,36),(45,0),(5,13) 7elwa
i=103:  122 (39,27),(54,1),(15,1),(51,39),(7,3),(6,54),(8,14) thanks
i=104:  122 (31,10),(58,18),(46,33),(39,37) nice
i=105:  116 (44,6),(48,18),(15,15),(20,47),(27,48),(6,24),(34,36) not nice
i=106:  117 (51,31),(41,36),(54,47),(21,45),(33,35),(12,29),(50,10),(9,8),(6,10),(13,56),(4,56),(16,21),(18,33) Abdallah
i=107:  100 (38,34),(44,10) not nice
i=108:  117 (6,50),(29,0),(18,35),(23,6),(28,33),(24,23),(19,47),(46,43),(0,42),(22,46) 7elwa
i=109:  102 (2,3),(31,46),(4,17),(19,4),(17,4),(26,18),(59,41),(5,21) Ahmed
i=110:  112 (30,16),(42,56),(18,40),(17,4),(40,35),(19,9),(55,5),(42,30),(41,34),(41,11),(4,18),(17,13),(30,33),(35,22) balwa
i=111:  114 (37,1),(0,23),(42,37),(4,1),(22,26),(44,22),(25,51),(49,3),(6,52),(38,40),(2,28),(25,11),(24,16) thanks
i=112:  107 (20,42),(23,50),(12,3),(47,32),(49,4),(8,36),(57,23),(44,41),(5,2),(18,12),(3,54) Body
i=113:  119  Fathy
i=114:  118 (8,55),(8,57),(10,55) Hela
i=115:  101 (23,56),(9,29),(25,34),(23,4),(18,38),(57,48),(48,6),(27,32),(57,20),(55,9),(27,14),(30,11),(14,5) Abdallah
i=116:  110 (35,7),(14,43),(1,31),(2,26),(50,11),(57,39),(7,53),(47,45),(43,39),(50,18) Arousi
i=117:  106 (52,33),(29,28),(32,51) not nice
i=118:  111 (10,19),(18,12),(10,15),(25,22),(40,49),(13,49),(38,24),(51,38),(35,42) Hela
i=119:  117 (51,32),(58,20) Esso
i=120:  117 (10,32),(10,51),(52,52),(14,17),(36,9),(57,54),(1,9),(11,40),(0,35) nice
i=121:  106 (31,19),(35,45) Abdallah
i=122:  123 (39,43),(12,14),(12,40) Arousi
i=123:  110 (32,10),(49,54),(1,33),(54,19),(10,24),(57,27),(48,21),(30,49),(27,29),(49,45),(39,43),(41,52),(54,0),(18,21) balwa
i=124:  105 (44,32),(9,27),(34,46),(1,29),(53,2),(31,0),(4,7),(17,41),(20,41),(26,43),(42,15),(26,35),(42,7) Arousi
i=125:  101 (59,2),(23,0),(48,24),(14,50) not nice
i=126:  120 (41,47),(18,38),(25,55),(3,10) Ahmed
i=127:  104 (17,34),(33,19),(18,37),(27,19),(42,10),(39,39),(59,39),(18,50),(29,47) Abdallah
i=128:  119 (19,52),(55,24),(21,46),(19,7),(49,36),(30,43),(22,49),(43,28),(23,47),(49,12),(7,20),(25,51),(21,44),(44,57) nice
i=129:  107 (51,11),(16,30),(56,15),(36,51),(45,47),(41,12),(8,8) Bela
i=130:  124 (56,27),(41,20),(3,49),(0,12),(9,29),(48,7) Ahmed
i=131:  103 (29,3),(39,58),(43,18),(5,39),(30,57),(44,51),(35,5) Abdallah
i=132:  106 (31,5),(11,0),(38,18),(7,9),(27,45),(20,55),(6,53),(57,12),(41,53),(4,57),(12,15),(25,44) Bela
i=133:  111 (18,8),(56,1),(28,56),(43,36),(46,34),(38,40),(0,2),(59,46) Hela
i=134:  104 (44,8),(51,45),(38,48),(59,24),(20,33),(9,59),(29,9),(29,5),(27,42) Ahmed
i=135:  103 (43,1),(50,0),(40,39),(34,25) Hela
i=136:  110 (20,49),(37,57),(15,46),(13,11),(52,51),(29,8),(18,30),(37,27),(15,35),(34,30),(35,29),(29,51),(37,23),(31,40),(25,6) Body
i=137:  109 (13,40),(17,53),(26,18),(7,11),(41,0) Esso
i=138:  118  Bela
i=139:  100 (35,11),(10,42),(32,42),(35,52),(42,18),(32,0),(7,5),(7,7),(5,12) Ahmed
i=140:  103 (9,4),(23,55),(11,48),(22,13),(8,58) Hela
i=141:  113 (51,57),(47,59),(8,8),(40,19),(46,58),(30,16),(13,41),(24,46),(33,19),(10,2),(14,25),(55,28),(45,55) Bela
i=142:  122 (13,50),(32,55),(51,23),(38,21),(5,20),(52,6),(27,36),(23,4),(49,13),(34,23),(14,18),(47,16) balwa
i=143:  120 (32,26),(35,51),(45,12) nice
i=144:  100  Arousi
i=145:  118 (31,21),(27,56),(15,53),(29,23),(33,32),(39,54),(24,50),(20,4),(40,21),(45,1),(44,1),(36,50) nice
i=146:  123 (17,3),(12,55),(22,28),(16,25),(7,10),(15,39),(16,22),(39,9),(54,20),(18,6),(7,22),(43,26),(14,42) nice
i=147:  105 (51,17),(40,37),(0,34),(6,20),(46,0),(31,43),(20,32),(49,9),(37,43),(5,28),(42,21),(51,32) not nice
i=148:  100 (46,33) Arousi
i=149:  113 (9,2),(58,23),(35,7),(26,14),(15,53),(24,15),(33,32),(2,38),(39,10) Fathy
i=150:  114 (49,40),(29,27),(16,26),(7,26),(19,11),(57,35),(37,39),(44,40),(2,6),(55,48),(0,45) Esso
i=151:  119 (10,16),(5,43),(53,39),(41,23),(10,59),(20,47),(8,39),(11,59),(7,29),(0,9),(16,49),(15,33) nice
i=152:  113 (1,17),(7,20),(50,21),(29,8),(57,5) Fathy
i=153:  106 (26,39),(35,36),(17,9),(59,29),(57,23),(55,43),(57,5),(27,34),(31,51),(8,12),(59,27) Arousi
i=154:  118  Bela
i=155:  106 (13,37),(23,42),(12,30),(48,9),(19,35) Hela
i=156:  122 (56,54),(53,33),(53,56),(37,48),(40,12),(53,31),(17,19) not nice
i=157:  100  thanks
i=158:  105 (39,9),(3,16),(5,12),(13,6),(10,9),(41,13),(31,50),(28,3),(16,33),(0,26) nice
i=159:  105 (59,52),(11,20),(42,13),(40,22),(8,38),(3,3),(13,53),(52,13),(13,37),(38,10),(48,47),(46,32),(14,12),(6,17) Fathy
i=160:  106 (37,53),(17,23),(27,2),(58,30),(30,57),(21,30) nice
i=161:  107 (30,36),(37,43),(43,31),(50,9),(45,43),(31,48),(30,52),(15,4),(52,43),(18,41),(18,1),(2,51),(22,17),(29,12),(32,44) not nice
i=162:  121 (31,24),(5,19),(47,35),(24,9) not nice
i=163:  106 (9,2),(7,18),(7,50),(25,40),(57,35),(8,25),(5,21),(3,22),(45,44),(53,31),(52,54),(59,12),(47,20),(43,41),(0,58) balwa
i=164:  109 (1,33),(29,44),(57,11),(57,52),(25,27),(45,21),(49,49) Arousi
i=165:  116 (20,3),(6,33),(23,45),(25,23),(15,46) not nice
i=166:  122 (12,50),(30,55),(29,31),(19,19),(17,19),(42,28),(18,6),(52,10),(30,2),(38,28),(0,17),(38,48),(3,17),(56,48),(19,6) thanks
i=167:  114 (39,16),(59,49),(37,31),(31,33),(41,59),(52,58),(1,41),(14,27),(44,21),(49,25),(19,28),(31,59),(14,48),(8,45) Hela
i=168:  108  Bela
i=169:  117 (40,7),(9,44) balwa
i=170:  107 (1,38),(23,28) Bela
i=171:  115 (38,25),(31,56),(42,19),(56,53),(15,7),(51,5),(18,30),(45,53),(46,9),(12,51),(54,26),(42,19) Bela
i=172:  116 (31,29),(13,26),(55,52),(47,54),(10,1),(46,56),(56,56) 7elwa
i=173:  110 (32,27),(22,2) Hela
i=174:  123 (24,22),(9,21),(30,48),(5,29) Hela
i=175:  103 (37,34),(19,29),(28,18),(30,5),(27,37),(21,28),(26,8),(54,52),(18,17),(25,26),(45,16) Esso
i=176:  114 (11,51),(26,50),(31,5),(59,27),(53,22),(54,7),(1,55),(56,22) nice
i=177:  100 (4,1),(59,39),(4,29),(29,53),(25,36),(44,51),(50,20),(47,23),(8,29) Fathy
i=178:  108 (36,50),(20,32),(37,49),(22,32) not nice
i=179:  105 (50,48),(40,41),(41,53),(28,53),(2,55),(43,14),(14,23),(33,12),(36,18),(43,31),(41,32),(14,49),(52,22),(45,3) Abdallah
i=180:  104 (47,38),(33,49),(53,14),(18,59),(53,37),(9,24),(52,16),(5,10),(2,49) 7elwa
i=181:  110 (33,18),(16,9),(42,10),(3,38),(21,13),(52,23),(56,50),(17,27),(53,24),(28,51) Body
i=182:  122 (53,8),(37,4),(17,32),(42,16),(56,45),(17,30),(13,11),(24,39),(32,3),(54,56) nice
i=183:  107 (3,23),(56,19),(40,13),(1,51),(32,44),(14,5),(54,26) 7elwa
i=184:  103 (50,55),(53,25),(30,34),(5,12),(52,2),(2,8) Bela
i=185:  102 (42,17),(17,34),(7,0),(39,41),(42,45),(48,7),(22,3) Arousi
i=186:  100  Bela
i=187:  110 (37,56),(44,15),(33,42),(15,32),(48,5),(34,8),(10,18),(4,2),(3,18),(19,58),(45,2),(57,49),(23,55),(16,58) Abdallah
i=188:  114 (29,17),(55,18),(33,17),(24,30),(59,4),(32,5),(39,35),(30,34),(23,33) balwa
i=189:  123 (17,29),(50,54),(31,40),(44,21),(5,37),(24,45),(55,38) nice
i=190:  105 (30,11),(20,52),(9,30),(38,36),(18,21),(42,50),(17,45),(29,29),(10,8),(7,42) Fathy
i=191:  107 (50,47),(10,20),(23,38),(33,59),(44,29),(26,2),(17,12),(3,10),(42,18) nice
i=192:  106 (42,35),(58,53),(52,47),(54,3),(43,4),(39,44),(55,31),(43,1),(32,34),(47,47),(8,27),(14,5),(43,17),(58,3) Ahmed
i=193:  103 (19,43),(54,9),(23,56),(54,16),(7,1),(35,7),(31,17),(45,56),(14,12) Ahmed
i=194:  103 (55,7),(24,28),(16,19),(49,20),(29,36),(4,30),(48,36),(0,28),(23,4),(3,19),(52,29),(56,53),(27,20) nice
i=195:  104 (17,1),(46,43),(47,2),(9,9),(20,15),(59,3),(21,7),(51,17),(40,42),(45,13),(42,13),(31,51),(40,57),(23,25),(40,10) not nice
i=196:  104 (13,10),(47,25),(45,41),(43,21),(31,40),(57,28),(26,32),(30,15),(21,47),(58,51),(34,0) Hela
i=197:  118 (27,4),(11,15),(43,5),(56,27),(57,56),(53,32) thanks
i=198:  124 (47,56),(53,28) balwa
i=199:  105 (5,1),(58,38),(10,41),(41,30) Hela
i=200:  116 (44,30),(30,28),(45,21),(11,51),(2,37),(18,52),(30,40),(33,14),(34,16),(51,15),(38,55),(59,53) nice
i=201:  101  Fathy
i=202:  108  Hela
i=203:  119 (5,31),(28,29) not nice
i=204:  110 (42,22),(41,44),(30,16),(20,0),(17,16),(58,0),(32,23) Ahmed
i=205:  120 (7,22),(52,49),(36,17) nice
i=206:  115 (6,22),(22,40),(48,9),(13,23),(3,10),(12,42),(37,16),(38,51),(47,27),(16,4),(16,27),(1,3),(29,5),(14,7),(26,6) Ahmed
i=207:  116 (10,57),(1,6),(41,48),(40,47),(53,28),(1,7),(12,33),(54,3),(4,47),(45,59) thanks
i=208:  124 (3,3),(30,47),(27,0),(55,40),(3,49),(27,9) 7elwa
i=209:  118  nice
i=210:  121 (41,47),(5,11),(38,49),(53,52),(20,5),(4,12) Ahmed
i=211:  121 (50,42),(57,50),(47,48),(53,23),(49,59),(55,49),(45,36),(54,34),(2,47),(37,8),(54,33),(40,32) balwa
i=212:  112 (26,19),(42,44),(46,26),(47,11) Hela
i=213:  107 (21,25),(16,4),(12,59),(11,8),(26,38),(21,45),(57,4),(53,54),(28,6),(36,16),(18,57),(24,24) not nice
i=214:  110 (35,45),(14,56),(38,17),(56,6),(32,31),(3,47),(36,51),(26,34) Body
i=215:  124 (11,14),(0,44),(0,31) thanks
i=216:  113 (31,47),(2,50),(3,8),(40,51),(57,27),(29,33),(30,0),(35,19) nice
i=217:  124 (23,48),(55,39),(17,15),(37,53),(29,41),(44,18),(6,19),(21,8) Arousi
i=218:  118 (10,40),(47,35),(22,53),(40,36),(40,24),(12,48),(32,3),(26,35),(9,20),(24,23),(1,25),(41,25),(8,15),(34,55) balwa
i=219:  101 (1,17),(11,52),(12,53),(20,58),(28,11),(39,47),(24,3),(38,30),(0,58) Bela
i=220:  115 (20,33),(3,11),(28,41),(6,34),(38,2),(45,53),(16,32),(4,42) not nice
i=221:  111 (40,3),(6,18),(28,1) Bela
i=222:  100 (2,9),(18,9),(58,0),(29,57),(10,39),(39,9),(3,20),(5,15) balwa
i=223:  112 (29,44),(28,15),(7,59),(48,47),(44,13),(32,24),(58,27),(50,42),(57,17),(21,20),(57,58),(14,55),(20,2),(38,27),(59,28) Esso
i=224:  119 (58,5),(19,44),(17,43),(57,55),(5,17),(40,14),(10,26),(18,32),(31,55),(44,26) 7elwa
i=225:  120 (8,16),(44,29),(10,19),(5,31),(43,49),(26,25),(57,59),(51,15),(48,43),(11,39),(57,54),(9,42),(47,35),(27,37) balwa
i=226:  115 (33,37),(51,37),(40,29),(10,47),(20,33),(29,21),(17,18),(16,42),(2,29),(11,36),(43,32),(22,19),(34,28),(10,57) Ahmed
i=227:  104 (2,28),(54,13),(32,29),(52,2),(40,13),(47,45),(47,22),(27,4) 7elwa
i=228:  124 (5,47),(35,24) not nice
i=229:  107 (12,8),(47,48),(12,43),(16,7),(20,17),(25,55),(21,20),(16,53),(17,55),(34,7),(16,56),(40,54),(37,14),(48,28) Hela
i=230:  103 (41,32),(4,1),(24,45),(22,25),(6,57),(50,38),(14,12),(6,55),(52,57),(5,26),(34,23),(12,56) Bela
i=231:  121 (59,26),(57,57),(1,25),(26,7),(4,14),(27,7),(0,43),(13,16),(48,56),(17,41),(54,0),(41,31),(11,8) 7elwa
i=232:  108 (2,52),(40,19),(59,16),(42,51),(20,52),(11,31),(58,9),(9,8),(52,0),(23,1),(1,39) Hela
i=233:  117  not nice
i=234:  113 (41,47),(35,16),(3,36) nice
i=235:  109 (20,37),(23,38),(44,9),(13,26),(24,29),(55,3),(45,41),(15,28),(30,55),(39,24),(14,14),(12,45),(12,50),(51,45),(41,39) Abdallah
i=236:  116 (19,19),(56,2) Bela
i=237:  118 (24,26),(50,47),(0,39),(4,55),(13,0),(39,37),(53,2),(9,14),(49,47) thanks
i=238:  115 (30,47),(8,18),(43,19),(7,14),(23,46),(36,56),(24,37) Body
i=239:  101 (27,48),(45,43),(22,28),(6,52),(34,3),(0,17),(26,44),(29,15) Hela
i=240:  122 (17,50),(19,59),(15,14),(27,42) 7elwa
i=241:  104 (0,6),(4,25),(19,49),(28,44),(11,3),(57,17),(42,57) Bela
i=242:  105 (48,49),(43,30),(25,56),(10,56),(42,13),(26,56),(32,50),(48,50),(0,36),(33,9),(2,13),(3,57),(14,34) Fathy
i=243:  115 (30,51),(22,34) Bela
i=244:  120 (12,33),(22,56),(46,22),(9,9),(6,1),(50,1),(0,31),(7,44),(16,21),(5,25),(35,23),(1,37),(54,44) Abdallah
i=245:  109 (7,3),(24,16),(55,26),(29,54),(31,42),(14,46),(48,41),(11,45),(53,12) Body
i=246:  105 (58,55) Arousi
i=247:  107 (26,36),(16,40),(12,52),(49,47),(35,5) Arousi
i=248:  117 (0,31),(6,46),(19,5),(41,2) nice
i=249:  115 (30,12),(25,50),(18,24),(40,29),(36,19) Fathy
i=250:  101 (44,56),(34,12),(18,1),(37,13),(49,24),(55,32),(24,44),(31,38),(57,51),(49,14),(9,52),(49,30) Hela
i=251:  124 (38,52),(28,11),(23,48),(38,17),(5,31),(20,17),(28,29),(39,16),(22,2),(10,26),(48,22),(38,45) 7elwa
i=252:  100 (8,19) Abdallah
i=253:  122 (27,53),(10,57),(51,55) Arousi
i=254:  114 (12,20),(9,58),(26,52),(57,14),(17,8),(58,56),(31,50),(43,16),(21,7),(32,25),(29,26),(13,6) Abdallah
i=255:  119 (50,30),(10,20),(27,50),(19,7),(58,29),(36,53),(28,25) nice
i=256:  117 (57,18),(13,52),(0,34),(52,41),(37,28),(51,39),(28,53),(32,24),(0,49),(46,24),(28,52),(45,1),(9,30) 7elwa
i=257:  110 (17,19),(2,14),(18,4),(56,17),(16,4),(37,50),(28,58),(24,5),(14,21),(53,46),(33,18),(18,16),(2,53),(6,16),(36,3) Abdallah
i=258:  111 (0,15),(29,13),(13,57),(15,5),(14,14),(44,27),(51,16),(16,54),(28,0),(2,32),(4,0),(35,48) Ahmed
i=259:  100 (58,3),(42,53),(39,59),(0,54),(23,37),(55,20),(2,3),(3,45),(15,0),(34,26),(38,59),(9,14),(22,29) Bela
i=260:  101 (37,1),(9,34),(25,7),(1,17),(25,42),(45,20),(37,6),(3,30),(26,20),(49,0),(9,51) balwa
i=261:  113 (2,30) balwa
i=262:  103 (7,57),(3,48),(3,21),(48,12),(26,13),(21,48),(31,10),(17,42),(7,55),(26,40) Fathy
i=263:  119 (8,43),(55,37),(30,29),(3,49),(42,40),(24,22),(33,40),(36,48),(19,8) Bela
i=264:  105 (17,14),(18,11),(50,33),(22,45) 7elwa
i=265:  119 (20,44),(29,9),(34,23),(37,2),(53,59),(12,57),(26,9),(35,6),(22,15),(58,16),(24,25) Body
i=266:  121 (32,34),(12,20),(14,15),(54,57),(6,38),(10,53),(15,18),(29,6) thanks
i=267:  110 (11,49),(21,54),(10,4),(18,32),(31,29),(40,53),(48,30),(22,14),(37,8),(19,23),(58,49),(12,26) Abdallah
i=268:  111 (59,11),(28,54),(41,2),(30,53),(39,57),(16,13),(48,29),(25,32),(36,12),(58,10),(56,41) not nice
i=269:  111 (7,39),(16,53),(19,32),(26,36),(25,12),(40,51),(52,7),(25,55),(14,27),(35,2),(2,54),(49,15) Esso
i=270:  112 (10,19),(18,31),(20,13),(13,21),(23,3),(16,17),(57,15),(29,11),(38,38),(34,5),(33,52),(54,8),(52,30) Esso
i=271:  123  Abdallah
i=272:  111 (32,2),(52,8),(8,55),(25,43),(4,43),(49,52),(52,20),(29,11),(32,0),(47,45),(10,17),(33,38),(31,45) Ahmed
i=273:  121 (36,55),(54,0),(21,41),(59,50),(37,3) Body
i=274:  119 (26,20),(15,43),(41,32),(30,12),(7,7),(49,8),(15,1),(51,29),(32,28) Arousi
i=275:  108 (8,52),(19,20),(36,2),(40,41),(39,40),(52,8),(28,12),(25,36),(28,25),(18,55),(6,52),(4,19) Esso
i=276:  116 (42,15),(40,31),(49,14),(49,18),(52,24),(54,46),(46,48),(21,38),(46,59) Arousi
i=277:  102 (2,55),(28,23),(24,12),(46,11),(46,19),(59,12),(15,22),(51,39),(18,23),(59,23) balwa
i=278:  123 (2,57),(56,17),(18,1),(27,6),(24,50),(21,44),(40,23),(38,18),(33,2),(35,28),(55,11) Abdallah
i=279:  103 (22,37),(41,42),(2,56) Abdallah
i=280:  104 (35,8),(22,58),(21,41),(59,53),(6,51),(12,12),(40,40),(32,18),(39,1),(25,53),(58,13),(59,48),(52,53),(17,13),(30,9) Bela
i=281:  102 (10,2),(32,0) Bela
i=282:  121 (7,25),(20,6),(16,35),(10,20),(34,11),(17,59),(37,4),(19,15),(2,56),(32,2),(24,10),(39,3),(10,12),(51,0) 7elwa
i=283:  112 (44,35),(21,8),(5,12),(34,13),(57,43),(53,51),(48,51),(8,54) nice
i=284:  123 (15,35),(24,3),(3,31) Body
i=285:  105 (45,24),(33,10) Esso
i=286:  102 (33,45),(20,14),(11,2),(42,18),(2,31),(31,0),(40,38) thanks
i=287:  105 (57,25),(50,22),(42,50),(56,30),(9,17) Body
i=288:  113 (46,30),(42,20) Fathy
i=289:  122 (49,27),(9,35),(39,9),(17,53),(56,53),(19,48),(56,43) Esso
i=290:  100 (6,39),(37,30),(6,29) Body
i=291:  113 (2,29),(12,50),(16,2),(20,30),(7,26),(38,35),(41,20),(25,10),(22,55),(3,31),(53,20),(10,51),(21,20),(21,59) nice
i=292:  118 (38,12),(27,18),(5,40),(58,16),(37,32),(20,46),(6,25),(2,1),(11,48),(45,42),(46,19),(59,46),(9,3),(53,5),(6,11) Esso
i=293:  110 (3,53) Abdallah
i=294:  122 (38,52),(37,28),(53,27),(29,48) thanks
i=295:  103  balwa
i=296:  122 (13,36),(36,43),(49,19),(25,41),(32,37),(34,46),(27,42),(11,52),(4,32),(52,16),(26,48),(33,32) not nice
i=297:  103 (8,14),(14,26),(9,42) not nice
i=298:  115 (1,15),(51,46),(29,50) balwa
i=299:  109 (16,24),(31,22),(15,32),(2,27),(46,9),(57,28),(51,5),(16,6),(40,7),(1,42),(41,26) Body
i=300:  106 (51,53),(32,52),(17,9),(17,27),(7,48),(42,27) Abdallah
i=301:  121 (39,32),(46,22) balwa
i=302:  101 (58,8),(54,49),(9,22),(48,8),(38,18),(10,5),(16,54),(52,33),(6,4),(33,48),(33,43) Body
i=303:  113 (46,28),(12,1),(7,8),(49,53),(4,37),(50,29),(16,26),(49,15),(51,4),(41,13),(28,12),(19,49),(2,56) Abdallah
i=304:  115 (43,24),(50,41),(44,11),(36,38),(20,48),(31,53),(59,56),(56,47),(55,6),(56,20),(17,18),(53,1) thanks
i=305:  119 (27,2),(33,48),(23,47),(40,42),(37,41),(53,33) Hela
i=306:  117 (20,44),(49,31),(5,39),(45,40),(10,24),(53,13),(9,36) not nice
i=307:  108 (4,5),(55,18),(10,24),(15,54),(14,45),(46,36),(15,0),(27,55),(37,32),(47,41),(39,53),(12,21),(28,42),(50,56) balwa
i=308:  112  Fathy
i=309:  122 (43,10),(11,58),(49,39),(36,29),(39,1),(30,35),(16,40),(32,47),(10,39),(25,11),(6,14),(16,44) Hela
i=310:  122 (40,35),(17,6),(50,53),(50,18),(22,56),(53,21),(35,12),(1,53) Arousi
i=311:  104 (8,31),(8,27),(48,24),(21,36),(44,3),(36,48),(19,10),(40,53),(14,14),(7,8) Body
i=312:  112 (44,12),(28,32),(35,5),(6,46),(54,26),(12,5),(36,9),(20,37),(15,2),(45,45),(38,22),(10,14) Body
i=313:  113 (36,28),(1,3),(39,0),(39,46),(13,27),(14,8),(15,31) 7elwa
i=314:  106 (27,7),(4,42),(13,58),(18,28),(22,50),(17,13),(38,39),(19,47),(12,20),(32,13) Esso
i=315:  123 (22,17),(33,5),(37,35),(26,44),(8,19) Hela
i=316:  119 (13,31),(1,51) 7elwa
i=317:  105 (33,53) Hela
i=318:  110 (21,6),(28,38),(52,13),(29,5),(16,14),(52,17),(58,32),(25,17) not nice
i=319:  110 (6,21),(44,53),(40,35),(54,48),(21,51),(31,46),(24,32),(43,55) Body
i=320:  109 (9,9),(43,32) Body
i=321:  122 (28,59),(12,50),(52,19),(31,2),(45,37),(41,46) balwa
i=322:  102 (44,52),(30,24),(8,9),(17,37),(6,34) 7elwa
i=323:  123 (8,48),(27,3) Hela
i=324:  110 (34,19),(37,28),(17,12),(53,9),(12,38),(31,36),(56,18),(11,42),(41,6),(13,2),(52,16) Ahmed
i=325:  113 (48,47),(32,56),(18,49),(36,23),(38,55),(49,5),(47,53),(39,33),(42,43) Fathy
i=326:  110 (57,49),(39,37),(0,13),(1,30),(47,14),(51,15),(11,0),(58,17),(19,39),(37,17),(36,9),(11,5),(8,4),(21,48),(17,35) Body
i=327:  112 (55,13),(58,54),(41,40),(15,38) Abdallah
i=328:  112 (33,43),(7,28),(23,23),(9,46) Body
i=329:  121 (41,29),(58,23),(48,36),(50,43),(35,38),(28,35),(36,6),(18,18),(1,36),(9,43),(1,26),(40,41),(33,12),(26,6),(21,14) Hela
i=330:  118 (26,6),(18,39),(6,30),(55,29),(51,5),(19,31),(31,16),(38,48) Esso
i=331:  101 (48,13),(18,5),(7,25),(54,54),(54,55),(26,6),(25,38),(10,26) nice
i=332:  116 (19,0),(14,37),(6,47),(13,27),(38,16),(47,59),(26,47),(12,2) nice
i=333:  104 (14,40),(10,57) thanks
i=334:  118 (41,54),(0,54),(19,33),(14,34),(15,32),(32,25),(50,50),(55,13),(59,6),(57,12),(55,10),(45,58),(12,5),(38,9),(14,57) Arousi
i=335:  117 (23,24),(7,13),(30,18) not nice
i=336:  109 (29,22),(18,19),(18,22),(19,31),(43,44),(38,55),(20,58),(32,36) Body
i=337:  120  7elwa
i=338:  122 (2,32),(51,34),(46,14) Bela
i=339:  117 (19,22),(51,58),(44,40) Ahmed
i=340:  105 (45,4),(17,43),(27,12),(56,53),(14,5),(48,39) balwa
i=341:  100 (55,14),(22,7),(26,49),(24,49),(49,53),(55,44),(4,59),(24,48),(32,51),(51,26),(51,9),(42,5),(46,45),(50,48) Fathy
i=342:  107 (3,48) Ahmed
i=343:  123 (53,57),(30,15),(30,57),(17,37),(2,41),(59,31),(45,27),(44,40),(12,40),(22,43),(43,7),(35,27),(5,27),(21,26) Hela
i=344:  118 (58,54),(51,51),(30,56),(52,20),(31,47),(16,17),(36,6),(28,48),(6,26),(48,56),(7,8),(32,57) nice
i=345:  118 (35,53),(44,20),(27,56) Esso
i=346:  110 (36,41),(43,30) Abdallah
i=347:  123 (52,7) balwa
i=348:  117 (14,11),(35,17) 7elwa
i=349:  120 (46,16),(31,27),(19,40),(43,17),(49,15),(55,46),(50,51),(27,6),(45,26),(51,24),(39,3),(3,6),(47,1),(46,7) thanks
i=350:  115 (16,9),(17,24),(44,34),(21,56),(35,34),(8,42),(48,16),(35,22),(1,26),(48,8) balwa
i=351:  112 (0,50),(46,9),(54,49),(58,46),(41,8),(56,41),(20,19),(54,44),(35,23),(57,25),(15,0),(4,51) nice
i=352:  101 (10,22),(53,48),(34,22),(56,31),(40,50),(40,45) Hela
i=353:  106 (28,58),(35,20),(50,13),(2,31),(44,48),(1,21),(50,38),(19,50) Body
i=354:  119 (40,34),(47,14),(45,31) not nice
i=355:  117  Hela
i=356:  113 (46,24),(42,27),(15,23),(16,41),(27,33),(12,55),(44,2) Abdallah
i=357:  115 (28,30),(34,10),(34,47),(35,22),(7,43),(56,25),(45,30),(7,6),(58,30),(6,37) thanks
i=358:  106  Arousi
i=359:  106 (29,20),(7,31),(3,24),(27,25),(8,28),(48,26),(55,21),(40,34) Arousi
i=360:  117  not nice
i=361:  109 (25,2),(42,56),(20,28),(48,21),(49,36),(28,31),(58,26),(7,49),(13,28),(11,20),(15,46),(12,44),(56,16),(3,23),(54,49) Ahmed
i=362:  124 (30,53),(57,9),(25,45),(29,12),(20,23),(46,32),(27,11),(50,23),(29,34),(5,49) balwa
i=363:  101 (42,45),(43,30),(25,35),(6,46) Abdallah
i=364:  105 (5,24),(21,12),(10,42),(9,33) thanks
i=365:  118 (33,18),(39,28),(57,39),(32,9) Body
i=366:  124 (56,18),(16,27),(46,59),(36,16),(30,27),(7,17),(2,16),(31,20),(46,14) Esso
i=367:  114 (50,51),(33,6),(21,56),(3,30) not nice
i=368:  116 (59,47),(20,33),(25,9),(38,31) 7elwa
i=369:  102 (19,50),(4,43),(44,2) Abdallah
i=370:  111 (27,35),(12,33),(28,54),(20,20),(15,53),(11,49),(0,18),(10,58),(15,57),(53,21),(6,15) thanks
i=371:  116 (17,34),(0,11),(10,31),(46,32),(5,24),(20,5),(50,40),(40,54),(27,33),(11,43),(23,42),(55,29),(24,12),(5,32) Abdallah
i=372:  103 (55,56),(23,3),(15,10),(32,40),(12,32),(41,21),(9,49),(10,47),(19,26),(25,18),(39,37),(12,8) not nice
i=373:  123 (2,13),(3,3),(3,34),(29,5),(2,47),(21,19),(28,50),(20,17),(40,2),(21,51) Fathy
i=374:  104 (50,2),(21,25),(27,37),(18,19),(53,0),(28,11),(50,15),(52,4),(36,10),(46,38),(57,51),(13,44) nice
i=375:  100  nice
i=376:  103 (33,8) Ahmed
i=377:  116  Body
i=378:  103 (34,2),(15,58),(6,25),(22,29),(17,3),(27,40),(49,23),(51,51),(46,43),(51,3),(26,34) Bela
i=379:  118 (19,42),(26,22),(21,28),(19,46),(33,33),(58,7),(42,57),(5,19),(51,37),(0,40),(18,1),(40,50),(0,19),(0,41),(55,5) Fathy
i=380:  109 (24,25),(30,29),(5,28),(59,13),(29,17),(34,4) balwa
i=381:  106 (58,41),(25,46),(41,34),(50,14),(30,40) Fathy
i=382:  123 (8,18),(45,36),(23,43),(29,35),(15,6),(18,11),(10,59),(40,41),(31,13),(29,16),(8,41),(19,53),(26,40),(13,56),(58,8) 7elwa
i=383:  102 (48,35),(4,32),(45,42),(26,10),(2,22),(37,58) Fathy
i=384:  105 (20,41),(7,30),(3,3),(25,57) Hela
i=385:  122 (33,6),(53,25),(4,41),(15,55),(8,49),(55,49),(51,40) Arousi
i=386:  101 (30,26),(6,49),(33,13) Ahmed
i=387:  105 (33,32),(38,50),(30,33),(26,31),(30,31),(3,45),(13,26),(43,46),(30,46),(18,7),(50,23),(58,58),(10,23),(20,44) Ahmed
i=388:  108 (46,26),(8,32),(7,1),(21,40),(5,58),(9,10),(55,59),(55,58),(14,41) Esso
i=389:  117 (46,55),(1,43),(51,17),(3,47),(4,24),(56,32),(58,42),(35,31) 7elwa
i=390:  102 (17,23) Arousi
i=391:  110 (13,50),(12,23),(3,27),(23,59),(59,4),(1,59),(18,35) balwa
i=392:  104 (9,9),(38,26),(54,47),(42,41) Arousi
i=393:  100 (16,59),(25,40),(1,23),(4,54),(7,36),(41,17),(8,53),(34,2),(54,17),(51,17) Abdallah
i=394:  118 (53,19),(0,5),(4,0),(27,28),(31,9),(23,59),(34,1),(32,58) Hela
i=395:  106 (18,48),(13,4),(57,24),(47,26) Ahmed
i=396:  107 (17,41),(38,52),(34,37),(16,38),(58,29),(45,23),(30,23),(37,57),(26,43),(43,45),(40,8),(40,19),(6,4),(27,17) Arousi
i=397:  118 (16,11) Body
i=398:  100 (27,8),(0,26),(39,42),(7,10),(45,14),(5,20),(12,29),(46,17),(49,28),(9,44),(47,45),(11,33),(53,17) Ahmed
i=399:  104 (30,43),(24,57),(43,2) balwa
i=400:  113 (40,53),(8,26),(56,24),(40,56) balwa
i=401:  111 (13,21),(9,58),(11,19),(36,10),(30,51),(13,6),(35,40),(32,13),(46,28) Esso
i=402:  107 (20,41),(22,32),(55,20),(40,40),(51,38),(35,30),(58,14),(29,39),(31,22),(25,3),(58,36),(21,13) Arousi
i=403:  110  Body
i=404:  105 (45,58),(57,13),(25,9),(55,47),(22,52),(36,14),(43,30),(37,20),(24,33) Esso
i=405:  107  thanks
i=406:  116 (15,40) thanks
i=407:  104 (34,52),(21,48),(58,20),(47,16),(45,28),(30,1),(16,18),(56,29),(32,3) nice
i=408:  112 (27,49),(7,50),(10,22),(10,8),(8,57),(59,31),(36,54),(31,21) balwa
i=409:  114 (42,40),(22,45),(13,37),(20,57),(22,59),(20,56),(8,45),(32,57),(52,26),(48,5),(33,56),(4,19),(58,32),(26,27),(13,55) Ahmed
i=410:  120 (13,34),(49,15),(7,53),(46,46),(49,10),(20,19),(35,10),(57,18) not nice
i=411:  102 (38,41),(35,36),(41,12),(59,17),(29,6),(48,52) Ahmed
i=412:  118 (58,37) Esso
i=413:  124 (21,54),(17,53),(39,54),(9,48),(50,45),(23,52),(12,32),(2,38) not nice
i=414:  108 (39,35),(9,30),(45,38),(26,24),(9,17),(20,12),(16,43),(53,9),(53,22),(40,16),(47,55),(37,44) Esso
i=415:  116  Fathy
i=416:  104 (56,51),(11,14),(32,20),(37,32),(49,29),(23,4),(51,14),(23,38),(23,56),(29,59),(59,32),(30,24),(30,34),(45,47) balwa
i=417:  108 (10,25),(6,59),(38,2),(28,25),(40,52),(57,55),(4,50) Hela
i=418:  114 (49,58),(34,55),(19,29),(38,24),(17,35),(48,56),(21,47),(48,22),(18,17),(6,44),(43,6),(25,54) Arousi
i=419:  114 (19,39),(11,15),(22,38),(32,6),(33,9),(30,11),(30,28),(51,6),(7,14),(34,35) thanks
i=420:  120 (27,52),(8,30),(55,5),(17,4),(53,45),(50,2),(6,27) nice
i=421:  123 (26,40),(35,47),(4,28),(7,56),(39,46),(27,27),(33,0) not nice
i=422:  122 (40,22),(16,3),(6,51),(1,17),(16,33),(51,6),(48,42),(20,45),(53,14),(20,57) Esso
i=423:  109 (59,22),(28,46),(2,2),(57,35),(4,18),(19,11),(51,18) Hela
i=424:  122 (41,2),(22,59),(47,12),(29,6),(57,40) thanks
i=425:  107 (50,36),(39,47),(16,14),(39,37),(9,34),(46,27),(45,9),(19,5),(4,12),(28,27),(43,58),(15,30),(21,11) Fathy
i=426:  116 (58,48),(45,50),(54,37) Hela
i=427:  100 (27,52),(44,37),(45,13),(53,15),(46,51),(49,0),(12,27),(8,2),(33,17),(42,31),(8,16),(2,27),(56,39),(19,59),(52,7) Abdallah
i=428:  112  Ahmed
i=429:  103 (13,49),(2,10),(4,58),(13,49),(21,28) nice
i=430:  118 (35,40),(14,58),(34,3),(44,44),(12,21),(59,5) nice
i=431:  103 (28,56),(53,37),(36,12),(16,23),(52,58),(10,37) Ahmed
i=432:  114 (8,45),(52,4),(36,16),(9,8),(21,37),(22,59),(23,49),(13,11) balwa
i=433:  113 (35,59),(0,59),(7,43) Body
i=434:  119 (24,45),(51,50),(35,48),(45,54),(46,15),(1,29) Body
i=435:  113 (23,3),(42,40),(44,45),(5,20),(23,41),(47,42),(40,8) balwa
i=436:  110 (43,40),(30,54),(12,3),(23,25),(5,7) Ahmed
i=437:  110 (19,19),(7,28),(58,3),(3,39),(54,35),(39,42),(22,9),(53,38),(11,40) balwa
i=438:  116 (58,1),(42,43),(10,21),(57,35),(21,13) Bela
i=439:  109 (43,20),(22,34),(36,25),(29,24),(53,5),(26,5),(10,38),(32,19),(38,56),(56,28),(10,28),(10,32) Fathy
i=440:  118 (7,20),(12,36),(25,39),(20,5),(40,29),(48,20),(1,47),(33,12),(11,10) Arousi
i=441:  105 (36,26),(0,43),(17,54),(52,12),(14,0),(16,33) balwa
i=442:  119 (22,16),(9,6),(21,14),(29,22),(13,44),(23,3) Abdallah
i=443:  120 (6,51),(41,44),(33,59),(31,57),(25,29),(8,59),(15,31),(8,25),(8,43),(12,45) not nice
i=444:  122 (9,40),(18,28),(27,25),(23,37),(3,47),(12,39),(7,8),(12,56),(56,50),(1,37),(19,3),(49,46),(33,52) balwa
i=445:  100 (20,34),(49,1),(22,24),(53,38),(52,9),(20,51),(40,50),(28,38),(17,36),(18,38),(11,34),(50,0),(51,29),(48,50),(5,10) balwa
i=446:  106 (57,2),(30,56),(0,15),(23,27),(0,37),(49,37),(13,40),(36,12),(20,19) Bela
i=447:  110 (19,37),(29,19),(6,15),(53,6) thanks
i=448:  116 (4,7),(9,31),(42,40),(33,18),(46,12),(48,39) Hela
i=449:  104 (38,32),(53,39),(20,54) Esso

Elapsed Time= 16 seconds
